1000
0 0
1.001 1.1728
2.002 1.9479
3.003 2.5336
4.004 3.1382
5.005 3.9703
6.006 5.2341
7.007 6.9232
8.008 8.7167
9.009 10.273
10.01 11.522
11.011 12.816
12.012 14.542
13.013 17.071
14.014 20.465
15.015 24.535
16.016 29.35
17.017 35.428
18.018 42.833
19.019 49.907
20.02 54.872
21.021 57.935
22.022 60.236
23.023 62.916
24.024 66.728
25.025 70.93
26.026 74.516
27.027 77.278
28.028 79.41
29.029 81.109
30.03 82.57
31.031 83.933
32.032 85.219
33.033 86.433
34.034 87.582
35.035 88.672
36.036 89.711
37.037 90.703
38.038 91.655
39.039 92.574
40.04 93.461
41.041 94.315
42.042 95.139
43.043 95.932
44.044 96.695
45.045 97.429
46.046 98.134
47.047 98.811
48.048 99.461
49.049 100.08
50.05 100.68
51.051 101.25
52.052 101.8
53.053 102.32
54.054 102.81
55.055 103.29
56.056 103.75
57.057 104.18
58.058 104.6
59.059 104.99
60.06 105.37
61.061 105.74
62.062 106.09
63.063 106.42
64.064 106.75
65.065 107.06
66.066 107.36
67.067 107.65
68.068 107.93
69.069 108.2
70.07 108.46
71.071 108.72
72.072 108.96
73.073 109.2
74.074 109.43
75.075 109.65
76.076 109.87
77.077 110.08
78.078 110.28
79.079 110.48
80.08 110.67
81.081 110.86
82.082 111.04
83.083 111.22
84.084 111.39
85.085 111.56
86.086 111.73
87.087 111.89
88.088 112.05
89.089 112.21
90.09 112.36
91.091 112.51
92.092 112.66
93.093 112.8
94.094 112.95
95.095 113.09
96.096 113.22
97.097 113.35
98.098 113.48
99.099 113.61
100.1 113.74
101.1 113.86
102.1 113.98
103.1 114.1
104.1 114.21
105.11 114.33
106.11 114.44
107.11 114.55
108.11 114.65
109.11 114.76
110.11 114.86
111.11 114.96
112.11 115.06
113.11 115.16
114.11 115.25
115.12 115.34
116.12 115.43
117.12 115.52
118.12 115.6
119.12 115.68
120.12 115.76
121.12 115.83
122.12 115.9
123.12 115.97
124.12 116.03
125.13 116.09
126.13 116.14
127.13 116.19
128.13 116.24
129.13 116.28
130.13 116.32
131.13 116.35
132.13 116.38
133.13 116.4
134.13 116.42
135.14 116.44
136.14 116.45
137.14 116.45
138.14 116.45
139.14 116.45
140.14 116.45
141.14 116.44
142.14 116.43
143.14 116.42
144.14 116.4
145.15 116.38
146.15 116.36
147.15 116.34
148.15 116.32
149.15 116.29
150.15 116.27
151.15 116.24
152.15 116.21
153.15 116.18
154.15 116.14
155.16 116.11
156.16 116.07
157.16 116.03
158.16 115.99
159.16 115.95
160.16 115.91
161.16 115.87
162.16 115.83
163.16 115.78
164.16 115.74
165.17 115.69
166.17 115.64
167.17 115.59
168.17 115.54
169.17 115.49
170.17 115.43
171.17 115.37
172.17 115.31
173.17 115.24
174.17 115.17
175.18 115.09
176.18 115.01
177.18 114.92
178.18 114.83
179.18 114.73
180.18 114.62
181.18 114.51
182.18 114.38
183.18 114.25
184.18 114.11
185.19 113.97
186.19 113.82
187.19 113.66
188.19 113.5
189.19 113.33
190.19 113.16
191.19 112.99
192.19 112.81
193.19 112.64
194.19 112.46
195.2 112.28
196.2 112.1
197.2 111.93
198.2 111.75
199.2 111.58
200.2 111.41
201.2 111.24
202.2 111.07
203.2 110.9
204.2 110.73
205.21 110.55
206.21 110.37
207.21 110.19
208.21 109.99
209.21 109.79
210.21 109.57
211.21 109.35
212.21 109.11
213.21 108.85
214.21 108.58
215.22 108.29
216.22 107.99
217.22 107.69
218.22 107.38
219.22 107.07
220.22 106.76
221.22 106.46
222.22 106.16
223.22 105.88
224.22 105.6
225.23 105.34
226.23 105.1
227.23 104.87
228.23 104.64
229.23 104.42
230.23 104.19
231.23 103.94
232.23 103.67
233.23 103.38
234.23 103.06
235.24 102.7
236.24 102.29
237.24 101.83
238.24 101.32
239.24 100.77
240.24 100.19
241.24 99.609
242.24 99.036
243.24 98.488
244.24 97.983
245.25 97.527
246.25 97.108
247.25 96.709
248.25 96.314
249.25 95.909
250.25 95.476
251.25 95
252.25 94.465
253.25 93.856
254.25 93.156
255.26 92.367
256.26 91.504
257.26 90.586
258.26 89.633
259.26 88.662
260.26 87.692
261.26 86.742
262.26 85.823
263.26 84.909
264.26 83.958
265.27 82.933
266.27 81.791
267.27 80.494
268.27 79.001
269.27 77.273
270.27 75.277
271.27 73.104
272.27 70.939
273.27 68.966
274.27 67.374
275.28 66.261
276.28 65.46
277.28 64.748
278.28 63.906
279.28 62.711
280.28 60.992
281.28 58.933
282.28 56.872
283.28 55.113
284.28 53.676
285.29 52.454
286.29 51.339
287.29 50.222
288.29 49.046
289.29 47.842
290.29 46.652
291.29 45.517
292.29 44.471
293.29 43.477
294.29 42.461
295.3 41.349
296.3 40.067
297.3 38.547
298.3 36.836
299.3 35.107
300.3 33.539
301.3 32.296
302.3 31.371
303.3 30.663
304.3 30.067
305.31 29.481
306.31 28.8
307.31 27.922
308.31 26.743
309.31 25.228
310.31 23.503
311.31 21.719
312.31 20.027
313.31 18.569
314.31 17.359
315.32 16.331
316.32 15.413
317.32 14.538
318.32 13.635
319.32 12.672
320.32 11.67
321.32 10.651
322.32 9.6372
323.32 8.6525
324.32 7.7195
325.33 6.8519
326.33 6.0501
327.33 5.3133
328.33 4.6405
329.33 4.0312
330.33 3.4827
331.33 2.9873
332.33 2.536
333.33 2.12
334.33 1.7303
335.34 1.358
336.34 0.99428
337.34 0.63015
338.34 0.25775
339.34 -0.12268
340.34 -0.50714
341.34 -0.89158
342.34 -1.272
343.34 -1.6443
344.34 -2.0044
345.35 -2.3484
346.35 -2.6722
347.35 -2.9721
348.35 -3.2479
349.35 -3.5009
350.35 -3.7326
351.35 -3.9445
352.35 -4.1381
353.35 -4.3148
354.35 -4.476
355.36 -4.6234
356.36 -4.7582
357.36 -4.882
358.36 -4.9963
359.36 -5.1024
360.36 -5.202
361.36 -5.2963
362.36 -5.387
363.36 -5.4753
364.36 -5.5611
365.37 -5.6442
366.37 -5.7242
367.37 -5.8009
368.37 -5.8738
369.37 -5.9428
370.37 -6.0074
371.37 -6.0673
372.37 -6.1223
373.37 -6.1719
374.37 -6.2159
375.38 -6.2539
376.38 -6.2857
377.38 -6.311
378.38 -6.3299
379.38 -6.3425
380.38 -6.3488
381.38 -6.3488
382.38 -6.3428
383.38 -6.3307
384.38 -6.3125
385.39 -6.2884
386.39 -6.2584
387.39 -6.2226
388.39 -6.181
389.39 -6.1338
390.39 -6.0809
391.39 -6.0224
392.39 -5.9585
393.39 -5.8891
394.39 -5.8144
395.4 -5.7345
396.4 -5.6502
397.4 -5.5621
398.4 -5.4708
399.4 -5.377
400.4 -5.2814
401.4 -5.1846
402.4 -5.0873
403.4 -4.9901
404.4 -4.8938
405.41 -4.7989
406.41 -4.7062
407.41 -4.6163
408.41 -4.5299
409.41 -4.4476
410.41 -4.3701
411.41 -4.298
412.41 -4.2318
413.41 -4.1699
414.41 -4.1106
415.42 -4.052
416.42 -3.9923
417.42 -3.9296
418.42 -3.8621
419.42 -3.7878
420.42 -3.705
421.42 -3.6117
422.42 -3.5062
423.42 -3.3866
424.42 -3.251
425.43 -3.0975
426.43 -2.9244
427.43 -2.7297
428.43 -2.5136
429.43 -2.2823
430.43 -2.043
431.43 -1.8027
432.43 -1.5687
433.43 -1.348
434.43 -1.1479
435.44 -0.97215
436.44 -0.81918
437.44 -0.68714
438.44 -0.5741
439.44 -0.47814
440.44 -0.39736
441.44 -0.32982
442.44 -0.27362
443.44 -0.22684
444.44 -0.18756
445.45 -0.15386
446.45 -0.12382
447.45 -0.095583
448.45 -0.068196
449.45 -0.041616
450.45 -0.01583
451.45 0.0091739
452.45 0.033407
453.45 0.056883
454.45 0.079612
455.46 0.10161
456.46 0.12288
457.46 0.14344
458.46 0.16331
459.46 0.18249
460.46 0.201
461.46 0.21884
462.46 0.23604
463.46 0.25259
464.46 0.26852
465.47 0.28384
466.47 0.29856
467.47 0.31269
468.47 0.32624
469.47 0.33923
470.47 0.35166
471.47 0.36355
472.47 0.37491
473.47 0.38576
474.47 0.3961
475.48 0.40595
476.48 0.41531
477.48 0.42421
478.48 0.43266
479.48 0.44065
480.48 0.44822
481.48 0.45536
482.48 0.4621
483.48 0.46844
484.48 0.4744
485.49 0.47998
486.49 0.48521
487.49 0.49008
488.49 0.49462
489.49 0.49884
490.49 0.50274
491.49 0.50635
492.49 0.50966
493.49 0.5127
494.49 0.51548
495.5 0.51801
496.5 0.5203
497.5 0.52236
498.5 0.5242
499.5 0.52584
500.5 0.52729
501.5 0.52856
502.5 0.52966
503.5 0.53061
504.5 0.53142
505.51 0.53209
506.51 0.53265
507.51 0.5331
508.51 0.53345
509.51 0.53373
510.51 0.53393
511.51 0.53407
512.51 0.53417
513.51 0.53423
514.51 0.53427
515.52 0.5343
516.52 0.53433
517.52 0.53437
518.52 0.53445
519.52 0.53455
520.52 0.53471
521.52 0.53494
522.52 0.53523
523.52 0.53561
524.52 0.53609
525.53 0.53668
526.53 0.5374
527.53 0.53824
528.53 0.53924
529.53 0.54039
530.53 0.54172
531.53 0.54322
532.53 0.54492
533.53 0.54683
534.53 0.54896
535.54 0.55132
536.54 0.55391
537.54 0.55674
538.54 0.5598
539.54 0.56308
540.54 0.56659
541.54 0.57031
542.54 0.57425
543.54 0.5784
544.54 0.58276
545.55 0.58732
546.55 0.59207
547.55 0.59703
548.55 0.60217
549.55 0.6075
550.55 0.61302
551.55 0.61871
552.55 0.62459
553.55 0.63063
554.55 0.63684
555.56 0.64322
556.56 0.64975
557.56 0.65645
558.56 0.66329
559.56 0.67029
560.56 0.67743
561.56 0.68471
562.56 0.69213
563.56 0.69968
564.56 0.70737
565.57 0.71518
566.57 0.72311
567.57 0.73116
568.57 0.73932
569.57 0.74759
570.57 0.75598
571.57 0.76446
572.57 0.77304
573.57 0.78172
574.57 0.79049
575.58 0.79935
576.58 0.80829
577.58 0.81731
578.58 0.8264
579.58 0.83557
580.58 0.84481
581.58 0.85411
582.58 0.86347
583.58 0.87289
584.58 0.88236
585.59 0.89188
586.59 0.90145
587.59 0.91105
588.59 0.9207
589.59 0.93038
590.59 0.94008
591.59 0.94982
592.59 0.95957
593.59 0.96935
594.59 0.97914
595.6 0.98894
596.6 0.99874
597.6 1.0086
598.6 1.0184
599.6 1.0282
600.6 1.038
601.6 1.0477
602.6 1.0575
603.6 1.0673
604.6 1.077
605.61 1.0867
606.61 1.0963
607.61 1.106
608.61 1.1155
609.61 1.1251
610.61 1.1346
611.61 1.144
612.61 1.1534
613.61 1.1627
614.61 1.172
615.62 1.1812
616.62 1.1904
617.62 1.1994
618.62 1.2084
619.62 1.2173
620.62 1.2261
621.62 1.2348
622.62 1.2435
623.62 1.2521
624.62 1.2606
625.63 1.269
626.63 1.2773
627.63 1.2855
628.63 1.2937
629.63 1.3018
630.63 1.3098
631.63 1.3177
632.63 1.3255
633.63 1.3333
634.63 1.3409
635.64 1.3485
636.64 1.3561
637.64 1.3635
638.64 1.3708
639.64 1.3781
640.64 1.3853
641.64 1.3924
642.64 1.3995
643.64 1.4064
644.64 1.4133
645.65 1.4201
646.65 1.4268
647.65 1.4335
648.65 1.44
649.65 1.4465
650.65 1.4529
651.65 1.4592
652.65 1.4655
653.65 1.4717
654.65 1.4777
655.66 1.4838
656.66 1.4897
657.66 1.4956
658.66 1.5014
659.66 1.5071
660.66 1.5127
661.66 1.5183
662.66 1.5237
663.66 1.5291
664.66 1.5345
665.67 1.5397
666.67 1.5449
667.67 1.55
668.67 1.555
669.67 1.56
670.67 1.5648
671.67 1.5696
672.67 1.5744
673.67 1.579
674.67 1.5836
675.68 1.5881
676.68 1.5925
677.68 1.5969
678.68 1.6011
679.68 1.6053
680.68 1.6095
681.68 1.6135
682.68 1.6175
683.68 1.6214
684.68 1.6253
685.69 1.629
686.69 1.6327
687.69 1.6363
688.69 1.6399
689.69 1.6434
690.69 1.6468
691.69 1.6501
692.69 1.6534
693.69 1.6566
694.69 1.6597
695.7 1.6627
696.7 1.6657
697.7 1.6686
698.7 1.6714
699.7 1.6742
700.7 1.6769
701.7 1.6795
702.7 1.682
703.7 1.6845
704.7 1.6869
705.71 1.6893
706.71 1.6915
707.71 1.6937
708.71 1.6959
709.71 1.6979
710.71 1.6999
711.71 1.7019
712.71 1.7037
713.71 1.7055
714.71 1.7072
715.72 1.7089
716.72 1.7105
717.72 1.712
718.72 1.7134
719.72 1.7148
720.72 1.7161
721.72 1.7173
722.72 1.7185
723.72 1.7196
724.72 1.7207
725.73 1.7216
726.73 1.7226
727.73 1.7234
728.73 1.7242
729.73 1.7249
730.73 1.7255
731.73 1.7261
732.73 1.7266
733.73 1.7271
734.73 1.7274
735.74 1.7278
736.74 1.728
737.74 1.7282
738.74 1.7283
739.74 1.7284
740.74 1.7284
741.74 1.7283
742.74 1.7282
743.74 1.728
744.74 1.7277
745.75 1.7274
746.75 1.727
747.75 1.7265
748.75 1.726
749.75 1.7254
750.75 1.7248
751.75 1.7241
752.75 1.7233
753.75 1.7225
754.75 1.7216
755.76 1.7206
756.76 1.7196
757.76 1.7185
758.76 1.7174
759.76 1.7162
760.76 1.7149
761.76 1.7136
762.76 1.7122
763.76 1.7107
764.76 1.7092
765.77 1.7077
766.77 1.706
767.77 1.7043
768.77 1.7026
769.77 1.7008
770.77 1.6989
771.77 1.697
772.77 1.695
773.77 1.6929
774.77 1.6908
775.78 1.6887
776.78 1.6864
777.78 1.6841
778.78 1.6818
779.78 1.6794
780.78 1.6769
781.78 1.6744
782.78 1.6718
783.78 1.6692
784.78 1.6665
785.79 1.6637
786.79 1.6609
787.79 1.6581
788.79 1.6551
789.79 1.6522
790.79 1.6491
791.79 1.646
792.79 1.6429
793.79 1.6397
794.79 1.6364
795.8 1.6331
796.8 1.6297
797.8 1.6263
798.8 1.6228
799.8 1.6192
800.8 1.6156
801.8 1.612
802.8 1.6083
803.8 1.6045
804.8 1.6007
805.81 1.5968
806.81 1.5929
807.81 1.5889
808.81 1.5849
809.81 1.5808
810.81 1.5766
811.81 1.5724
812.81 1.5682
813.81 1.5639
814.81 1.5595
815.82 1.5551
816.82 1.5506
817.82 1.5461
818.82 1.5415
819.82 1.5369
820.82 1.5322
821.82 1.5275
822.82 1.5227
823.82 1.5179
824.82 1.513
825.83 1.5081
826.83 1.5031
827.83 1.4981
828.83 1.493
829.83 1.4878
830.83 1.4827
831.83 1.4774
832.83 1.4721
833.83 1.4668
834.83 1.4614
835.84 1.4559
836.84 1.4505
837.84 1.4449
838.84 1.4393
839.84 1.4337
840.84 1.428
841.84 1.4223
842.84 1.4165
843.84 1.4106
844.84 1.4047
845.85 1.3988
846.85 1.3928
847.85 1.3868
848.85 1.3807
849.85 1.3746
850.85 1.3684
851.85 1.3622
852.85 1.3559
853.85 1.3496
854.85 1.3432
855.86 1.3368
856.86 1.3304
857.86 1.3239
858.86 1.3173
859.86 1.3107
860.86 1.3041
861.86 1.2974
862.86 1.2907
863.86 1.2839
864.86 1.277
865.87 1.2702
866.87 1.2633
867.87 1.2563
868.87 1.2493
869.87 1.2422
870.87 1.2351
871.87 1.228
872.87 1.2208
873.87 1.2136
874.87 1.2063
875.88 1.199
876.88 1.1916
877.88 1.1842
878.88 1.1768
879.88 1.1693
880.88 1.1617
881.88 1.1541
882.88 1.1465
883.88 1.1389
884.88 1.1311
885.89 1.1234
886.89 1.1156
887.89 1.1078
888.89 1.0999
889.89 1.092
890.89 1.084
891.89 1.076
892.89 1.068
893.89 1.0599
894.89 1.0517
895.9 1.0436
896.9 1.0354
897.9 1.0271
898.9 1.0188
899.9 1.0105
900.9 1.0021
901.9 0.99373
902.9 0.98528
903.9 0.97679
904.9 0.96826
905.91 0.95969
906.91 0.95108
907.91 0.94244
908.91 0.93375
909.91 0.92503
910.91 0.91626
911.91 0.90746
912.91 0.89862
913.91 0.88974
914.91 0.88083
915.92 0.87187
916.92 0.86288
917.92 0.85385
918.92 0.84479
919.92 0.83568
920.92 0.82654
921.92 0.81736
922.92 0.80815
923.92 0.7989
924.92 0.78961
925.93 0.78028
926.93 0.77092
927.93 0.76153
928.93 0.75209
929.93 0.74263
930.93 0.73312
931.93 0.72358
932.93 0.71401
933.93 0.7044
934.93 0.69475
935.94 0.68507
936.94 0.67536
937.94 0.66561
938.94 0.65582
939.94 0.64601
940.94 0.63615
941.94 0.62627
942.94 0.61635
943.94 0.60639
944.94 0.59641
945.95 0.58639
946.95 0.57633
947.95 0.56625
948.95 0.55613
949.95 0.54598
950.95 0.53579
951.95 0.52557
952.95 0.51533
953.95 0.50504
954.95 0.49473
955.96 0.48438
956.96 0.47401
957.96 0.4636
958.96 0.45316
959.96 0.44269
960.96 0.43219
961.96 0.42165
962.96 0.41109
963.96 0.4005
964.96 0.38987
965.97 0.37922
966.97 0.36853
967.97 0.35782
968.97 0.34707
969.97 0.3363
970.97 0.32549
971.97 0.31466
972.97 0.30379
973.97 0.2929
974.97 0.28198
975.98 0.27103
976.98 0.26005
977.98 0.24905
978.98 0.23801
979.98 0.22695
980.98 0.21586
981.98 0.20474
982.98 0.19359
983.98 0.18242
984.98 0.17121
985.99 0.15999
986.99 0.14873
987.99 0.13745
988.99 0.12614
989.99 0.1148
990.99 0.10344
991.99 0.092046
992.99 0.080631
993.99 0.069189
994.99 0.057721
996 0.046228
997 0.034709
998 0.023165
999 0.011595
1000 2.2204e-16
