1001
1.0000
0.0000
1.0405
1.9717
2.7171
3.3634
4.1034
5.1507
6.7636
8.6243
10.305
11.723
13.108
14.692
16.876
20.333
24.501
29.532
35.288
42.783
50.023
54.099
57.053
59.723
62.839
66.946
71.013
74.003
76.648
78.975
80.947
82.536
83.936
85.252
86.49
87.652
88.743
89.766
90.726
91.626
92.49
93.344
94.186
95.013
95.821
96.606
97.367
98.099
98.799
99.464
100.09
100.68
101.22
101.73
102.23
102.72
103.19
103.65
104.1
104.53
104.94
105.34
105.71
106.08
106.42
106.75
107.05
107.34
107.61
107.88
108.15
108.4
108.66
108.9
109.14
109.38
109.61
109.83
110.05
110.26
110.46
110.66
110.85
111.03
111.21
111.38
111.55
111.71
111.86
112.02
112.18
112.33
112.48
112.63
112.78
112.92
113.06
113.2
113.34
113.48
113.61
113.74
113.86
113.98
114.1
114.22
114.33
114.44
114.55
114.65
114.75
114.85
114.94
115.04
115.13
115.23
115.32
115.41
115.5
115.59
115.68
115.76
115.84
115.91
115.99
116.05
116.11
116.17
116.22
116.26
116.3
116.33
116.36
116.37
116.39
116.4
116.41
116.41
116.42
116.42
116.42
116.42
116.42
116.41
116.41
116.39
116.38
116.37
116.35
116.33
116.3
116.28
116.25
116.22
116.19
116.16
116.12
116.09
116.05
116.01
115.97
115.92
115.88
115.84
115.79
115.74
115.7
115.65
115.6
115.54
115.48
115.42
115.36
115.29
115.22
115.14
115.06
114.98
114.89
114.8
114.71
114.61
114.51
114.4
114.29
114.17
114.03
113.89
113.74
113.58
113.42
113.25
113.08
112.9
112.72
112.53
112.35
112.17
111.98
111.8
111.62
111.44
111.26
111.08
110.9
110.72
110.54
110.36
110.17
109.97
109.78
109.57
109.36
109.13
108.9
108.66
108.4
108.12
107.84
107.54
107.24
106.93
106.62
106.31
106.01
105.7
105.41
105.12
104.84
104.57
104.31
104.04
103.77
103.5
103.22
102.92
102.61
102.28
101.92
101.52
101.02
100.45
99.854
99.242
98.649
98.102
97.608
97.148
96.711
96.285
95.86
95.425
94.969
94.48
93.948
93.36
92.675
91.886
91.011
90.07
89.079
88.058
87.023
85.985
84.917
83.81
82.659
81.457
80.198
78.875
77.483
75.981
74.026
71.787
69.591
67.766
66.507
65.593
64.833
64.041
63.029
61.555
59.457
57.328
55.715
54.317
53.016
51.772
50.551
49.346
48.171
47.015
45.868
44.728
43.635
42.563
41.472
40.321
39.063
37.451
35.63
33.939
32.682
31.731
30.956
30.284
29.64
28.949
28.136
27.129
25.761
24.011
22.14
20.416
19.077
17.943
16.893
15.896
14.917
13.923
12.904
11.879
10.863
9.8699
8.9161
8.0161
7.1541
6.3214
5.5396
4.8299
4.2137
3.6894
3.2064
2.7557
2.3312
1.9262
1.5346
1.1498
0.76546
0.37483
-0.026868
-0.43392
-0.83932
-1.2361
-1.6171
-1.9755
-2.3042
-2.5963
-2.8476
-3.0819
-3.3062
-3.5203
-3.7246
-3.919
-4.1038
-4.279
-4.4448
-4.6012
-4.7485
-4.8867
-5.0159
-5.1364
-5.2481
-5.3512
-5.4471
-5.5413
-5.6338
-5.7236
-5.8098
-5.8916
-5.9679
-6.038
-6.1008
-6.1556
-6.2013
-6.237
-6.2619
-6.2751
-6.2803
-6.2824
-6.2814
-6.2772
-6.2697
-6.2589
-6.2446
-6.2269
-6.2056
-6.1806
-6.152
-6.1196
-6.0834
-6.0432
-5.9991
-5.951
-5.8988
-5.8423
-5.7809
-5.7135
-5.6406
-5.5627
-5.4804
-5.3941
-5.3045
-5.212
-5.1172
-5.0206
-4.9227
-4.8241
-4.7252
-4.6266
-4.5288
-4.4324
-4.3378
-4.2456
-4.1554
-4.0668
-3.9791
-3.8918
-3.8043
-3.716
-3.6263
-3.5347
-3.4407
-3.3435
-3.2428
-3.1378
-3.0281
-2.913
-2.792
-2.647
-2.4361
-2.1808
-1.9064
-1.6387
-1.4032
-1.2254
-1.094
-0.9656
-0.84098
-0.72156
-0.60873
-0.50389
-0.40841
-0.32368
-0.2511
-0.19206
-0.14793
-0.12011
-0.10994
-0.10778
-0.10563
-0.1035
-0.10138
-0.09928
-0.097192
-0.095118
-0.09306
-0.091017
-0.08899
-0.086979
-0.084984
-0.083005
-0.081044
-0.079099
-0.077171
-0.075261
-0.073369
-0.071494
-0.069638
-0.0678
-0.065981
-0.064181
-0.062401
-0.060639
-0.058898
-0.057176
-0.055475
-0.053794
-0.052134
-0.050495
-0.048877
-0.047281
-0.045706
-0.044154
-0.042624
-0.041116
-0.039631
-0.038169
-0.036731
-0.035315
-0.033924
-0.032557
-0.031214
-0.029895
-0.028602
-0.027333
-0.02609
-0.024872
-0.02368
-0.022514
-0.021375
-0.020261
-0.019175
-0.018116
-0.017084
-0.01608
-0.015104
-0.014155
-0.013235
-0.012344
-0.011481
-0.010648
-0.0098433
-0.0090687
-0.0083239
-0.0076093
-0.0069249
-0.0062712
-0.0056484
-0.0050566
-0.0044962
-0.0039674
-0.0034705
-0.0030057
-0.0025732
-0.0021734
-0.0018064
-0.0014726
-0.0011722
-0.00090538
-0.00067245
-0.00047366
-0.00030926
-0.0001795
-8.4636e-05
-2.4918e-05
-5.9873e-07
0
0
0
0
0
0
0
0
0
0
0
0
0
0
0
0
0
0
0
0
0
0
0
0
0
0
0
0
0
0
0
0
0
0
0
0
0
0
0
0
0
0
0
0
0
0
0
0
0
0
0
0
0
0
0
0
0
0
0
0
0
0
0
0
0
0
0
0
0
0
0
0
0
0
0
0
0
0
0
0
0
0
0
0
0
0
0
0
0
0
0
0
0
0
0
0
0
0
0
0
0
0
0
0
0
0
0
0
0
0
0
0
0
0
0
0
0
0
0
0
0
0
0
0
0
0
0
0
0
0
0
0
0
0
0
0
0
0
0
0
0
0
0
0
0
0
0
0
0
0
0
0
0
0
0
0
0
0
0
0
0
0
0
0
0
0
0
0
0
0
0
0
0
0
0
0
0
0
0
0
0
0
0
0
0
0
0
0
0
0
0
0
0
0
0
0
0
0
0
0
0
0
0
0
0
0
0
0
0
0
0
0
0
0
0
0
0
0
0
0
0
0
0
0
0
0
0
0
0
0
0
0
0
0
0
0
0
0
0
0
0
0
0
0
0
0
0
0
0
0
0
0
0
0
0
0
0
0
0
0
0
0
0
0
0
0.0070861
0.03598
0.082202
0.14041
0.20528
0.27145
0.34178
0.42078
0.50566
0.59366
0.68198
0.76786
0.84853
0.92432
0.99838
1.0712
1.1432
1.2149
1.2867
1.3592
1.4328
1.5063
1.5787
1.6509
1.7237
1.798
1.8747
1.9545
2.0384
2.1288
2.2281
2.3341
2.4445
2.5568
2.6688
2.7782
2.8825
2.9795
3.0697
3.1564
3.2405
3.3227
3.4037
3.4845
3.5658
3.6483
3.7333
3.8269
3.9262
4.0252
4.1179
4.1981
4.2599
4.3055
4.3447
4.3791
4.4101
4.4392
4.4679
4.4977
4.5301
4.5655
4.6023
4.6398
4.6773
4.7139
4.7491
4.782
4.8119
4.8394
4.8648
4.8882
4.9097
4.9294
4.9473
4.9634
4.9777
4.9897
4.9994
5.0066
5.0112
5.013
5.0118
5.0077
5.0003
4.9821
4.947
4.8982
4.8391
4.7731
4.7035
4.6336
4.5667
4.498
4.4242
4.3471
4.2682
4.1894
4.1123
4.0387
3.9702
3.9105
3.8623
3.8211
3.782
3.7401
3.6903
3.6279
3.546
3.4401
3.3163
3.1812
3.0415
2.9039
2.7739
2.6461
2.5181
2.3891
2.2585
2.1256
1.9896
1.8498
1.6898
1.5089
1.3227
1.1469
0.99724
0.88929
0.81423
0.75211
0.69885
0.65039
0.60267
0.55161
0.49304
0.42035
0.3367
0.24923
0.16508
0.091419
0.035378
0.0041112
0
0
0
0
0
0
0
0
0
0
0
0
0
0
0
0
0
0
0
0
0
0
0
0
0
0
0
0
0
0
0
0
0
0
0
0
0
0
0
0
0
0
0
0
0
0
0
0
0
0
0
0
0
0
0
0
0
0
