1  1  2  1
2  3  3  3
3  3  3  3
4  4  4  1
5  4  4  1
6  4  4  1
7  9  5  1
8  9  5  1
9  9  5  1
10  9  5  1
11  12  6  3
12  12  6  3
13  12  6  3
14  12  6  3
15  16  7  1
16  16  7  1
17  16  7  1
18  16  7  1
19  16  7  1
20  16  7  1
21  25  8  1
22  25  8  1
23  25  8  1
24  25  8  1
25  25  8  1
26  27  9  3
27  27  9  3
28  27  9  3
29  27  9  3
30  27  9  3
31  27  9  3
32  36  10  1
33  36  10  1
34  36  10  1
35  36  10  1
36  36  10  1
37  36  10  1
38  36  10  1
39  36  10  1
40  36  10  1
41  36  10  1
42  48  11  3
43  48  11  3
44  48  11  3
45  48  11  3
46  48  11  3
47  48  11  3
48  48  11  3
49  49  12  1
50  49  12  1
51  49  12  1
52  49  12  1
53  49  12  1
54  49  12  1
55  49  12  1
56  49  12  1
57  64  13  1
58  64  13  1
59  64  13  1
60  64  13  1
61  64  13  1
62  64  13  1
63  64  13  1
64  64  13  1
65  64  13  1
66  64  13  1
67  64  13  1
68  64  13  1
69  64  13  1
70  75  14  3
71  75  14  3
72  75  14  3
73  75  14  3
74  75  14  3
75  75  14  3
76  75  14  3
77  75  14  3
78  75  14  3
79  81  15  1
80  81  15  1
81  81  15  1
82  81  15  1
83  81  15  1
84  81  15  1
85  81  15  1
86  81  15  1
87  81  15  1
88  81  15  1
89  81  15  1
90  81  15  1
91  100  16  1
92  100  16  1
93  100  16  1
94  100  16  1
95  100  16  1
96  100  16  1
97  100  16  1
98  100  16  1
99  100  16  1
100  100  16  1
101  100  16  1
102  100  16  1
103  100  16  1
104  108  17  3
105  108  17  3
106  108  17  3
107  108  17  3
108  108  17  3
109  108  17  3
110  108  17  3
111  108  17  3
112  108  17  3
113  108  17  3
114  108  17  3
115  121  18  1
116  121  18  1
117  121  18  1
118  121  18  1
119  121  18  1
120  121  18  1
121  121  18  1
122  121  18  1
123  121  18  1
124  121  18  1
125  121  18  1
126  121  18  1
127  121  18  1
128  121  18  1
129  121  18  1
130  121  18  1
131  121  18  1
132  121  18  1
133  144  19  1
134  144  19  1
135  144  19  1
136  144  19  1
137  144  19  1
138  144  19  1
139  144  19  1
140  144  19  1
141  144  19  1
142  144  19  1
143  144  19  1
144  144  19  1
145  144  19  1
146  147  20  3
147  147  20  3
148  147  20  3
149  147  20  3
150  147  20  3
151  147  20  3
152  147  20  3
153  147  20  3
154  147  20  3
155  147  20  3
156  147  20  3
157  147  20  3
158  147  20  3
159  169  21  1
160  169  21  1
161  169  21  1
162  169  21  1
163  169  21  1
164  169  21  1
165  169  21  1
166  169  21  1
167  169  21  1
168  169  21  1
169  169  21  1
170  169  21  1
171  169  21  1
172  169  21  1
173  169  21  1
174  169  21  1
175  169  21  1
176  169  21  1
177  169  21  1
178  169  21  1
179  169  21  1
180  169  21  1
181  192  22  3
182  192  22  3
183  192  22  3
184  192  22  3
185  192  22  3
186  192  22  3
187  192  22  3
188  192  22  3
189  192  22  3
190  192  22  3
191  192  22  3
192  192  22  3
193  192  22  3
194  192  22  3
195  196  23  1
196  196  23  1
197  196  23  1
198  196  23  1
199  196  23  1
200  196  23  1
201  196  23  1
202  196  23  1
203  196  23  1
204  196  23  1
205  196  23  1
206  196  23  1
207  196  23  1
208  196  23  1
209  196  23  1
210  196  23  1
211  225  24  1
212  225  24  1
213  225  24  1
214  225  24  1
215  225  24  1
216  225  24  1
217  225  24  1
218  225  24  1
219  225  24  1
220  225  24  1
221  225  24  1
222  225  24  1
223  225  24  1
224  225  24  1
225  225  24  1
226  225  24  1
227  225  24  1
228  225  24  1
229  225  24  1
230  225  24  1
231  225  24  1
232  225  24  1
233  225  24  1
234  243  25  3
235  243  25  3
236  243  25  3
237  243  25  3
238  243  25  3
239  243  25  3
240  243  25  3
241  243  25  3
242  243  25  3
243  243  25  3
244  243  25  3
245  243  25  3
246  243  25  3
247  243  25  3
248  243  25  3
249  243  25  3
250  256  26  1
251  256  26  1
252  256  26  1
253  256  26  1
254  256  26  1
255  256  26  1
256  256  26  1
257  256  26  1
258  256  26  1
259  256  26  1
260  256  26  1
261  256  26  1
262  256  26  1
263  256  26  1
264  256  26  1
265  256  26  1
266  256  26  1
267  256  26  1
268  256  26  1
269  256  26  1
270  256  26  1
271  256  26  1
272  256  26  1
273  289  27  1
274  289  27  1
275  289  27  1
276  289  27  1
277  289  27  1
278  289  27  1
279  289  27  1
280  289  27  1
281  289  27  1
282  289  27  1
283  289  27  1
284  289  27  1
285  289  27  1
286  289  27  1
287  289  27  1
288  289  27  1
289  289  27  1
290  289  27  1
291  289  27  1
292  289  27  1
293  289  27  1
294  289  27  1
295  300  28  3
296  300  28  3
297  300  28  3
298  300  28  3
299  300  28  3
300  300  28  3
301  300  28  3
302  300  28  3
303  300  28  3
304  300  28  3
305  300  28  3
306  300  28  3
307  300  28  3
308  300  28  3
309  300  28  3
310  300  28  3
311  300  28  3
312  300  28  3
313  324  29  1
314  324  29  1
315  324  29  1
316  324  29  1
317  324  29  1
318  324  29  1
319  324  29  1
320  324  29  1
321  324  29  1
322  324  29  1
323  324  29  1
324  324  29  1
325  324  29  1
326  324  29  1
327  324  29  1
328  324  29  1
329  324  29  1
330  324  29  1
331  324  29  1
332  324  29  1
333  324  29  1
334  324  29  1
335  324  29  1
336  324  29  1
337  324  29  1
338  324  29  1
339  324  29  1
340  324  29  1
341  324  29  1
342  324  29  1
343  361  30  1
344  361  30  1
345  361  30  1
346  361  30  1
347  361  30  1
348  361  30  1
349  361  30  1
350  361  30  1
351  361  30  1
352  361  30  1
353  361  30  1
354  361  30  1
355  361  30  1
356  361  30  1
357  361  30  1
358  361  30  1
359  361  30  1
360  361  30  1
361  361  30  1
362  363  31  3
363  363  31  3
364  363  31  3
365  363  31  3
366  363  31  3
367  363  31  3
368  363  31  3
369  363  31  3
370  363  31  3
371  363  31  3
372  363  31  3
373  363  31  3
374  363  31  3
375  363  31  3
376  363  31  3
377  363  31  3
378  363  31  3
379  363  31  3
380  363  31  3
381  363  31  3
382  400  32  1
383  400  32  1
384  400  32  1
385  400  32  1
386  400  32  1
387  400  32  1
388  400  32  1
389  400  32  1
390  400  32  1
391  400  32  1
392  400  32  1
393  400  32  1
394  400  32  1
395  400  32  1
396  400  32  1
397  400  32  1
398  400  32  1
399  400  32  1
400  400  32  1
401  400  32  1
402  400  32  1
403  400  32  1
404  400  32  1
405  400  32  1
406  400  32  1
407  400  32  1
408  400  32  1
409  400  32  1
410  400  32  1
411  400  32  1
412  400  32  1
413  400  32  1
414  400  32  1
415  400  32  1
416  432  33  3
417  432  33  3
418  432  33  3
419  432  33  3
420  432  33  3
421  432  33  3
422  432  33  3
423  432  33  3
424  432  33  3
425  432  33  3
426  432  33  3
427  432  33  3
428  432  33  3
429  432  33  3
430  432  33  3
431  432  33  3
432  432  33  3
433  432  33  3
434  432  33  3
435  432  33  3
436  432  33  3
437  441  34  1
438  441  34  1
439  441  34  1
440  441  34  1
441  441  34  1
442  441  34  1
443  441  34  1
444  441  34  1
445  441  34  1
446  441  34  1
447  441  34  1
448  441  34  1
449  441  34  1
450  441  34  1
451  441  34  1
452  441  34  1
453  441  34  1
454  441  34  1
455  441  34  1
456  441  34  1
457  441  34  1
458  441  34  1
459  441  34  1
460  441  34  1
461  441  34  1
462  441  34  1
463  484  35  1
464  484  35  1
465  484  35  1
466  484  35  1
467  484  35  1
468  484  35  1
469  484  35  1
470  484  35  1
471  484  35  1
472  484  35  1
473  484  35  1
474  484  35  1
475  484  35  1
476  484  35  1
477  484  35  1
478  484  35  1
479  484  35  1
480  484  35  1
481  484  35  1
482  484  35  1
483  484  35  1
484  484  35  1
485  484  35  1
486  484  35  1
487  484  35  1
488  484  35  1
489  484  35  1
490  484  35  1
491  484  35  1
492  484  35  1
493  484  35  1
494  484  35  1
495  484  35  1
496  507  36  3
497  507  36  3
498  507  36  3
499  507  36  3
500  507  36  3
