  -1.6509439431789908E-003
  -1.8043164330692998E-002
  -1.5983373510216645E-002
  -3.7670790479398509E-003
   1.4121351500332575E-002
   3.6828676451281940E-002
   6.6827599733956675E-002
   0.1080886533605557     
   0.1633152371190027     
   0.2305711179830605     
   0.3057923370190604     
   0.3861844598560749     
   0.4720633820301194     
   0.5672996164164132     
   0.6803034228945970     
   0.8205383925338349     
   0.9923740165362804     
    1.200352371043177     
    1.451038380211717     
    1.749646534340280     
    2.072937127030063     
    2.393106080525238     
    2.701223114067011     
    3.002313038495114     
    3.305173343636395     
    3.616372829786368     
    3.929226903662660     
    4.234204722461378     
    4.527928192063482     
    4.810848478050628     
    5.080740061035163     
    5.338615432016310     
    5.578173491359326     
    5.806313676989922     
    6.023381749918032     
    6.229263204641050     
    6.425605309587173     
    6.611979746656831     
    6.788567787766793     
    6.955964057521563     
    7.116111968283203     
    7.269459231345223     
    7.417320271357964     
    7.559631472652229     
    7.695632045251874     
    7.827580188143879     
    7.956797247233718     
    8.081138999487614     
    8.202576946660058     
    8.320764095505016     
    8.435372056089742     
    8.546887591009321     
    8.655270435877684     
    8.760655994477894     
    8.862970302718722     
    8.963432380790115     
    9.062387371324146     
    9.160087275527722     
    9.257117570902032     
    9.352609844379693     
    9.447160685238636     
    9.539533127093122     
    9.630994385284227     
    9.720467941098411     
    9.808851596471390     
    9.896757307424371     
    9.983919402588278     
    10.07114909678620     
    10.15821436015412     
    10.24487383927793     
    10.33008034291948     
    10.41480978233318     
    10.50117011624537     
    10.58801431253187     
    10.67516499934096     
    10.76286158839280     
    10.85014804893879     
    10.93808463983897     
    11.02474111224846     
    11.11110117374496     
    11.19830261701798     
    11.28635729523996     
    11.37494800000679     
    11.46424734713819     
    11.55471574054967     
    11.64614254548470     
    11.73865801772629     
    11.83161811293337     
    11.92384577497745     
    12.01580606415248     
    12.10766544474690     
    12.20025752607229     
    12.29412959910931     
    12.38966112407820     
    12.48559397657057     
    12.58110490272357     
    12.67643978556523     
    12.77355948981776     
    12.87201565698796     
    12.97059061854760     
    13.06771905864319     
    13.16595640848994     
    13.26582950986559     
    13.36759542946820     
    13.47052450785014     
    13.57377188192641     
    13.67593361505931     
    13.77830154625736     
    13.88100009004071     
    13.98381779489751     
    14.08770942244838     
    14.19103689273822     
    14.29481671452918     
    14.39967158203927     
    14.50525089245326     
    14.61100233768804     
    14.71673661592884     
    14.82309668035313     
    14.93176667061996     
    15.04136799451770     
    15.15020215763363     
    15.25960886043766     
    15.36967788461894     
    15.48046701262903     
    15.59327471583851     
    15.70709610230141     
    15.82139507256320     
    15.93610437891429     
    16.05070920044136     
    16.16511492900621     
    16.27950450533948     
    16.39505137417452     
    16.51129869795334     
    16.62788038980709     
    16.74376334965473     
    16.86066016540102     
    16.97996663694121     
    17.10181096151432     
    17.22419664432195     
    17.34487325904820     
    17.46618507159518     
    17.58808701695500     
    17.71023654750273     
    17.83148514705332     
    17.95308700736421     
    18.07428578073364     
    18.19597767818292     
    18.31853476214038     
    18.44395689780106     
    18.57168324553039     
    18.70055266754652     
    18.82868383139895     
    18.95596156660025     
    19.08341038049963     
    19.21218625510432     
    19.34268630924294     
    19.47419901255258     
    19.60566681439202     
    19.73853287921720     
    19.87188902977428     
    20.00505416999236     
    20.13911880036624     
    20.27520937503897     
    20.41443715475815     
    20.55523542107116     
    20.69603951845632     
    20.83620532506827     
    20.97630151645648     
    21.11906644801903     
    21.26539258468521     
    21.41315600893696     
    21.56113870095992     
    21.70849174479957     
    21.85394964916570     
    21.99807120512818     
    22.14461911623879     
    22.29361863830307     
    22.44379541851445     
    22.59516082309563     
    22.74605330698889     
    22.89774091829924     
    23.05049394102350     
    23.20454674095747     
    23.36004258428394     
    23.51793033118856     
    23.67701041875813     
    23.83595828006474     
    23.99665956844051     
    24.15802217307889     
    24.31921166256650     
    24.48002316020290     
    24.64073717409320     
    24.80168870459083     
    24.96445595592293     
    25.12818489368355     
    25.29266336537004     
    25.45824487221993     
    25.62508224817014     
    25.79262283808752     
    25.96105559776749     
    26.13144586256028     
    26.29718121384527     
    26.46996191150676     
    26.64030145702020     
    26.81921190533091     
    26.99138257568988     
    27.17395925318137     
    27.35069312169137     
    27.53113210971508     
    27.70162437349755     
    27.88103268470146     
    28.06386179612134     
    28.24945097611802     
    28.42594292213910     
    28.61019217340253     
    28.80387460109394     
    28.97566612159074     
    29.14561609354888     
    29.33964219127302     
    29.52766660238465     
    29.70532108823380     
    29.87837282676441     
    30.06089175466201     
    30.23826731828651     
    30.42185812921366     
    30.60257743469075     
    30.78236418202160     
    30.95670910420466     
    31.14410802058323     
    31.31726705057185     
    31.50267691184066     
    31.69506326238313     
    31.89683876860317     
    32.04874624255453     
    32.20584063897537     
    32.44415740479487     
    32.62310926703498     
    32.80906328143735     
    32.98299601777506     
    33.16576549280261     
    33.31519449597734     
    33.52349404798680     
    33.70601882215228     
    33.87699981418879     
    34.04341356079478     
    34.22185850127584     
    34.37203672184491     
    34.52742545441472     
    34.68498264051114     
    34.84370306940959     
    34.99638395082262     
    35.15007156579883     
    35.30515164596365     
    35.45654589110917     
    35.60616146491365     
    35.75205278253566     
    35.89348721330867     
    36.02867817648175     
    36.16064177991673     
    36.28563477591402     
    36.40361115263965     
    36.51102686367566     
    36.61876947992694     
    36.71882336536779     
    36.80974402189356     
    36.89632017890133     
    36.97816160356898     
    37.05266510797804     
    37.11613978490561     
    37.17474459029475     
    37.22484008043884     
    37.26148641653998     
    37.28502710060808     
    37.29542598334663     
    37.29009078047479     
    37.27695368041454     
    37.26192680302325     
    37.24230274588119     
    37.22402668705111     
    37.20261239749094     
    37.17712383385165     
    37.13522681201090     
    37.07897036429110     
    37.01192046761420     
    36.93475089065421     
    36.84342145956864     
    36.75582108899920     
    36.65755386047007     
    36.55137222636691     
    36.44353118877078     
    36.33286775867900     
    36.21619781339933     
    36.09428891338442     
    35.96494020195611     
    35.82977274153695     
    35.69166022675814     
    35.54640282802469     
    35.39188920017710     
    35.23590691059454     
    35.06333997906360     
    34.87939698846751     
    34.68337129940872     
    34.49225584642615     
    34.29381477031598     
    34.09882306434891     
    33.90507342463530     
    33.71908865903726     
    33.53222671331803     
    33.34460964945309     
    33.15183864224862     
    32.95472418394913     
    32.74861066406663     
    32.53598259143247     
    32.31783400714269     
    32.08402466884765     
    31.87403102995417     
    31.66694670068070     
    31.49378582606555     
    31.31226872309950     
    31.12225205154855     
    30.92884852094682     
    30.74323469049842     
    30.55757811473541     
    30.36535468729235     
    30.16863551486937     
    29.98148412333278     
    29.79586200298806     
    29.60595746034690     
    29.41650654011357     
    29.21812274213837     
    29.03800776196323     
    28.85722576191662     
    28.67434868494050     
    28.49612360157298     
    28.32963189872858     
    28.15253425589374     
    27.80281785876500     
    27.45744570849195     
    27.11636383997343     
    26.77951895847356     
    26.44685843129429     
    26.11833027955144     
    25.79388317005290     
    25.47346640727774     
    25.15702992545485     
    24.84452428074018     
    24.53590064349094     
    24.23111079063590     
    23.93010709814045     
    23.63284253356525     
    23.33927064871730     
    23.04934557239231     
    22.76302200320724     
    22.48025520252189     
    22.20100098744835     
    21.92521572394737     
    21.65285632001044     
    21.38388021892657     
    21.11824539263274     
    20.85591033514689     
    20.59683405608258     
    20.34097607424410     
    20.08829641130124     
    19.83875558554258     
    19.59231460570642     
    19.34893496488826     
    19.10857863452406     
    18.87120805844820     
    18.63678614702522     
    18.40527627135455     
    18.17664225754708     
    17.95084838107301     
    17.72785936117975     
    17.50764035537927     
    17.29015695400388     
    17.07537517482964     
    16.86326145776658     
    16.65378265961484     
    16.44690604888605     
    16.24259930068887     
    16.04083049167824     
    15.84156809506724     
    15.64478097570101     
    15.45043838519178     
    15.25850995711437     
    15.06896570226144     
    14.88177600395753     
    14.69691161343142     
    14.51434364524601     
    14.33404357278482     
    14.15598322379470     
    13.98013477598386     
    13.80647075267457     
    13.63496401850985     
    13.46558777521357     
    13.29831555740310     
    13.13312122845410     
    12.96997897641658     
    12.80886330998174     
    12.64974905449892     
    12.49261134804196     
    12.33742563752454     
    12.18416767486366     
    12.03281351319086     
    11.88333950311043     
    11.73572228900419     
    11.58993880538211     
    11.44596627327829     
    11.30378219669165     
    11.16336435907096     
    11.02469081984341     
    10.88773991098636     
    10.75249023364167     
    10.61892065477209     
    10.48701030385917     
    10.35673856964221     
    10.22808509689770     
    10.10102978325878     
    9.975552776074180     
    9.851634469306260     
    9.729255500467467     
    9.608396747594938     
    9.489039326262647     
    9.371164586630680     
    9.254754110531152     
    9.139789708590330     
    9.026253417386513     
    8.914127496643214     
    8.803394426457190     
    8.694036904560940     
    8.586037843619177     
    8.479380368558903     
    8.374047813932643     
    8.270023721314438     
    8.167291836728173     
    8.065836108107877     
    7.965640682789538     
    7.866689905034102     
    7.768968313581224     
    7.672460639233430     
    7.577151802470249     
    7.483026911092037     
    7.390071257893013     
    7.298270318363245     
    7.207609748419164     
    7.118075382162262     
    7.029653229665657     
    6.942329474788122     
    6.856090473015295     
    6.770922749327698     
    6.686812996095227     
    6.603748070997819     
    6.521714994971928     
    6.440700950182530     
    6.360693278020300     
   