24
0.44809 0.1548 -2.4805 8.0022
0.66865 -0.074264 -2.4981 8.0001
0.38459 0.32351 -2.2818 8.151
0.84508 -0.013006 -2.3538 8.0249
0.68269 -0.020565 -2.4641 8.0002
0.81757 -0.28901 -2.4711 8.0094
0.60432 0.12528 -2.4201 8.0003
0.19249 0.0071338 -2.6552 8.4458
0.38508 0.1048 -2.5576 8.0179
0.31506 0.041741 -2.6214 8.0952
0.30387 -0.01374 -2.6541 8.1467
0.32547 0.32643 -2.3115 8.1522
0.72353 0.21803 -2.2443 8.0147
0.78054 0.22134 -2.2082 8.0265
0.66961 0.25323 -2.2256 8.0318
0.48819 0.51728 -2.0067 9.3407
0.44528 0.54888 -1.9906 9.4729
0.38103 0.50908 -2.0563 9.2846
0.32424 0.50677 -2.0801 9.2503
0.52795 0.44257 -2.0682 8.8329
0.75222 0.54203 -1.8364 9.0141
0.59549 0.61922 -1.8502 9.5604
0.8267 0.13942 -2.2749 8.0379
1.1783 0.055722 -2.0416 8.7453
