1558
-1.1774 0.44928 -1.4896
-1.1261 0.52017 -1.4407
-1.1411 0.49306 -1.3428
-0.86838 0.77587 -1.4945
-0.8097 0.79587 -1.6608
-2.0086 -0.71676 -0.41692
-2.1127 -0.45822 -0.20242
-0.42319 0.39772 -1.1823
-0.4195 0.40134 -1.0028
-1.0946 -0.16887 -0.41839
-1.1549 -0.16849 -0.51644
-0.46164 0.43498 -1.2623
-0.42205 0.45029 -1.0985
-0.45894 0.4703 -1.4484
-0.44209 0.46413 -1.196
-0.44857 0.47621 -1.2861
-0.44124 0.48352 -1.1481
-0.43219 0.4835 -1.3555
-1.2467 -0.22481 -0.40102
-0.78081 0.5002 -2.0044
-0.74609 0.42332 -1.7295
-0.84225 0.51839 -1.9626
-0.82123 0.42872 -2.0164
-0.97724 0.67203 -1.6344
-1.1451 0.41785 -1.6983
-1.2037 0.4044 -1.5189
-1.3299 0.14076 -1.3768
-1.3177 0.18018 -1.4036
-1.2963 0.23323 -1.3567
-1.2855 0.22806 -1.2592
-0.91861 0.73547 -1.5336
-0.95596 0.70375 -1.5194
-0.95923 0.68413 -1.6534
-0.96125 0.67369 -1.6812
-0.99106 0.67131 -1.5036
-0.98219 0.56005 -1.819
-1.0935 0.46744 -1.7472
-1.2178 0.3819 -1.5135
-1.1378 0.38164 -1.7463
-1.2124 0.37615 -1.5639
-1.2179 0.3817 -1.5132
-1.1767 0.37961 -1.6698
-1.0052 0.47946 -1.8566
-1.0988 0.51574 -1.6693
-1.1375 0.48844 -1.5955
-1.0281 0.53453 -1.7838
-1.0167 0.52301 -1.8098
-1.1126 0.50662 -1.6452
-1.0932 0.44336 -1.7698
-1.1865 0.41206 -1.5911
-1.2488 0.33634 -1.4104
-0.62529 0.61259 -2.0082
-0.68627 0.53757 -2.0275
-1.0717 0.41207 -1.8226
-1.1753 0.44472 -1.5451
-1.129 0.48116 -1.646
-1.1695 0.46141 -1.4169
-1.1495 0.47861 -1.3202
-1.1495 0.47861 -1.3202
-0.24862 0.13562 -0.79086
-0.27461 0.12838 -0.53351
-0.34646 0.16117 -0.53301
-0.3031 0.1974 -0.60747
-0.27344 0.19772 -0.82268
-0.27035 0.20282 -0.6591
-0.23154 0.23782 -0.46281
-0.19993 0.22421 -0.67921
-0.17624 0.2208 -0.5997
-0.28886 0.1658 -0.85372
-0.30005 0.16413 -0.55256
-1.1857 0.31962 -0.98105
-1.1689 0.2443 -0.87112
-1.1295 0.19633 -0.74546
-0.86661 0.33012 -0.80416
0.029596 0.7171 -1.0615
0.074768 0.75362 -1.3015
0.17768 1.0096 -1.1071
0.13766 0.99625 -1.2196
0.14532 0.98336 -1.285
0.19004 0.99374 -1.1322
0.18405 0.97334 -1.2613
0.18585 0.97857 -1.2177
0.1781 0.96819 -1.4018
0.1598 0.96754 -1.4713
0.18173 0.97036 -1.3097
0.22565 0.96613 -1.1925
0.25907 0.96069 -1.1264
0.34663 0.92107 -1.0642
0.28001 0.97284 -1.0078
0.24679 0.95277 -1.236
0.10195 0.98888 -1.3512
0.067216 0.81739 -0.90182
0.13064 1.013 -1.1566
0.085302 0.87295 -0.8708
0.085302 0.87295 -0.8708
0.0584 0.82643 -0.82736
0.041125 0.8327 -0.97903
0.13071 1.0129 -1.1566
-0.37954 0.42122 -0.74525
-0.34911 0.44072 -0.95528
-0.30281 0.46482 -0.8291
-0.3008 0.47514 -1.0095
0.1619 0.94273 -1.6005
0.33124 0.92803 -1.4725
0.1721 0.89462 -1.7034
0.30165 0.91934 -1.5735
0.49686 0.87667 -1.5023
0.44952 0.82901 -1.6715
0.49052 0.88607 -1.449
0.50529 0.88298 -1.4307
0.49807 0.84807 -1.5959
0.53459 0.87521 -1.4102
0.53713 0.86982 -1.4657
0.50987 0.83044 -1.624
0.25143 0.98824 -1.029
0.29588 0.93663 -1.186
0.43036 0.75954 -1.7766
0.391 0.80996 -1.7342
0.391 0.80996 -1.7342
0.43677 0.80592 -1.7144
0.39093 0.7205 -1.8364
0.33797 0.62076 -1.9539
0.41479 0.7302 -1.8162
0.35648 0.65745 -1.9117
0.32483 0.69259 -1.8881
0.24283 0.61212 -1.9911
0.29701 0.70591 -1.8843
0.36079 0.75492 -1.8126
0.31669 0.73694 -1.8476
0.2575 0.64353 -1.9554
0.24844 0.66311 -1.9392
0.23995 0.59799 -1.6914
0.22181 0.57744 -1.6411
0.51029 0.72254 -1.7772
0.49491 0.61934 -1.8977
0.41527 0.5579 -1.992
0.44472 0.62152 -1.9159
0.085743 0.65223 -1.9934
0.073272 0.6001 -1.7402
0.10267 0.57856 -1.6145
0.13022 0.74117 -1.8981
-0.13152 0.44247 -1.7884
-0.21862 0.35503 -1.9211
-0.55514 0.46916 -1.7877
-0.55555 0.49759 -1.7424
-0.55926 0.5837 -2.044
-0.54751 0.62821 -2.0196
-0.54928 0.5509 -1.7159
-0.59867 0.69905 -1.9544
-0.61302 0.70102 -1.9479
-0.63942 0.81138 -1.8136
-0.59738 0.65693 -1.6441
0.16284 0.30325 -2.4149
0.15699 0.44031 -2.2319
0.23022 0.43453 -2.2096
0.15506 0.3647 -2.3365
0.25958 0.3928 -2.2527
0.22664 0.3818 -2.2845
0.27694 0.42994 -2.1939
0.20072 0.32423 -2.3767
0.26754 0.32576 -2.3446
0.51064 0.16601 -2.431
0.55099 0.27666 -2.2556
0.52666 0.33702 -2.1889
0.52675 0.26409 -2.2865
0.46053 0.21291 -2.3995
0.44412 0.35877 -2.2031
0.46166 0.39935 -2.1453
0.43401 0.34649 -2.2242
0.42656 0.24258 -2.3773
0.46635 0.31556 -2.2483
0.47938 0.34198 -2.2065
0.48727 0.24411 -2.3386
0.44652 0.28908 -2.2966
0.45154 0.3552 -2.2039
0.060663 0.47605 -1.8609
0.094308 0.5901 -2.0567
0.026681 0.51562 -2.1599
0.050966 0.61718 -2.0374
-0.13024 0.4894 -2.1827
-0.20898 0.474 -2.1832
-0.20358 0.48837 -1.7766
0.4618 0.39986 -2.1447
0.51111 0.19272 -2.3971
0.59697 0.33963 -2.1516
0.61519 0.28048 -2.2174
0.55255 0.18531 -2.3818
0.64682 0.33409 -2.1341
0.63567 0.22739 -2.2778
0.56813 0.20852 -2.3412
1.0554 0.13545 -2.1267
1.0375 0.085286 -2.1922
0.99734 0.091967 -2.2167
1.0598 0.10852 -2.151
1.0088 0.15454 -2.1447
0.85074 0.22814 -2.1556
0.4392 0.23713 -2.3778
0.40123 0.25146 -2.3793
0.47807 0.3417 -2.2075
0.45924 0.31585 -2.2518
0.40904 0.21598 -2.4251
0.41372 0.32436 -2.265
0.40403 0.36136 -2.2203
0.35424 0.27164 -2.3769
0.33046 0.3662 -2.2523
0.32708 0.40235 -2.2057
0.13373 0.2266 -2.5016
0.16881 0.25644 -2.4695
0.19871 0.3306 -2.3686
0.17518 0.14994 -2.5648
0.19633 0.28421 -2.431
0.27969 0.18136 -2.5209
0.23032 0.15524 -2.5543
0.085792 0.20813 -2.5152
0.13961 0.31116 -2.406
0.090092 0.28811 -2.4364
0.12666 0.35863 -2.3495
0.11639 0.24523 -2.4834
-0.026917 0.23711 -2.4526
-0.55423 0.51521 -2.0813
-0.56204 0.67466 -1.9841
-0.47633 0.66221 -2.0108
-0.47822 0.57684 -2.0664
-0.35933 0.74439 -1.955
-0.41037 0.60345 -2.0611
-0.40642 0.57683 -1.8083
-0.36743 0.63608 -2.0434
-0.36743 0.63608 -2.0434
-0.44407 0.63341 -2.0361
-0.4243 0.5631 -1.7673
-0.4243 0.5631 -1.7673
-0.46577 0.61543 -2.0447
-0.44372 0.63214 -2.0371
-0.42607 0.67336 -2.0098
-0.3647 0.58923 -1.7822
-0.2868 0.65427 -2.0347
-0.25087 0.75718 -1.9438
-0.31108 0.61618 -2.063
-0.34242 0.65009 -2.0351
-0.31851 0.58394 -1.7878
-0.40064 0.64433 -2.0341
-0.4427 0.74153 -1.9511
-0.32021 0.68893 -2.0054
-0.32786 0.5788 -1.7311
-0.19183 0.74218 -1.955
-0.17619 0.6377 -2.0482
-0.17619 0.6377 -2.0482
-0.38036 0.5305 -1.7155
-0.41084 0.49577 -1.6989
-0.4493 0.46069 -1.8165
-0.45926 0.47403 -1.7615
-0.47875 0.57681 -2.0663
-0.33517 0.57996 -2.0871
-0.34379 0.59993 -2.0719
-0.32404 0.71292 -1.9848
-0.5002 0.42582 -1.8242
-0.66418 0.44037 -2.0794
-0.60342 0.44093 -1.7238
-0.58687 0.44935 -1.6731
-0.70087 0.55311 -2.0139
-0.59624 0.49873 -1.6793
-0.60982 0.49462 -1.7664
-0.63776 0.56477 -2.0314
-0.58433 0.54077 -1.7491
-0.75068 0.75438 -1.822
-0.75891 0.80536 -1.7193
-0.72832 0.75431 -1.8386
-0.65921 0.72767 -1.9064
-0.50715 0.80116 -1.8766
-0.51733 0.90357 -1.6893
-0.43108 0.52053 -2.1083
-0.31808 0.5134 -1.8505
-0.25376 0.49793 -1.8302
-0.10729 0.60525 -2.0738
-0.16725 0.676 -2.0139
-0.31872 0.44511 -1.8013
-0.40648 0.53349 -2.1059
-0.2308 0.68684 -2.0075
-0.14107 0.74887 -1.9435
-0.26723 0.62006 -2.0628
-0.24594 0.58037 -1.777
-0.064563 0.74733 -1.9342
-0.090859 0.6768 -2.0051
-0.05737 0.72739 -1.9522
-0.21459 0.72734 -1.9704
-0.3135 0.57257 -1.7219
-0.36485 0.60992 -2.0625
-0.36302 0.61184 -2.0613
-0.3877 0.5709 -2.086
-0.42602 0.67327 -2.0099
-0.51531 0.58684 -1.7503
0.16906 0.55532 -2.0769
0.13087 0.52917 -2.1212
0.080497 0.52323 -2.1419
0.037929 0.54759 -2.1194
0.075427 0.57555 -2.0781
0.15311 0.49255 -2.1626
0.14484 0.45961 -2.2098
0.18459 0.53662 -2.095
0.11398 0.46748 -2.2084
-0.49282 0.84843 -1.8134
-0.49575 0.91982 -1.6515
-0.49228 0.93472 -1.5972
-0.42296 0.91819 -1.69
-0.44671 0.8298 -1.8503
-0.43188 0.8866 -1.7591
-0.44304 0.92015 -1.6771
-0.43566 0.84641 -1.8277
-0.47732 0.76541 -1.9226
-0.29545 0.83985 -1.8501
-0.21108 0.56273 -2.1116
-0.27519 0.51979 -2.138
-0.58787 0.58632 -2.035
-0.51355 0.6068 -2.0408
-0.45955 0.70188 -1.9834
-0.51791 0.712 -1.9647
-0.49339 0.84853 -1.8131
-0.47679 0.6618 -2.011
-0.52196 0.55845 -2.0671
-0.512 0.47282 -1.8073
-0.57805 0.41324 -1.7602
-0.15455 0.7137 -1.9784
-0.46013 0.70234 -1.9829
-0.55087 0.73857 -1.9329
-0.23366 0.87134 -1.806
-0.15106 0.90984 -1.7384
0.30822 0.9354 -1.4353
0.53623 0.8504 -1.1958
0.55975 0.86005 -1.2967
0.64843 0.80093 -1.1361
0.73797 0.79714 -1.2508
0.73546 0.79332 -1.4791
0.77281 0.72914 -1.0642
0.86095 0.66591 -1.0111
0.86508 0.74872 -1.3104
0.85568 0.68646 -1.0539
0.83996 0.7066 -1.0864
0.81765 0.67015 -0.97018
0.81799 0.73919 -1.1527
0.58425 0.52798 -0.48599
0.65666 0.56643 -0.60201
0.56557 0.50241 -0.44652
0.6203 0.51983 -0.51154
0.6402 0.54139 -0.5547
0.57745 0.55057 -0.50215
0.61366 0.62915 -0.63635
0.58333 0.61848 -0.58448
0.52147 0.54736 -0.44731
0.557 0.56817 -0.49911
0.62571 0.66374 -0.70722
0.12414 0.6891 -1.1235
0.74465 0.79757 -1.448
0.71342 0.80215 -1.2322
0.71014 0.81924 -1.3905
0.66623 0.82318 -1.258
0.61516 0.672 -1.7746
0.57596 0.5657 -1.9182
0.65905 0.66667 -1.7512
0.59853 0.59286 -1.8771
0.5252 0.52997 -1.9782
0.70165 0.61341 -1.7865
0.65738 0.61771 -1.8126
0.9663 0.56585 -1.6057
0.89893 0.46796 -1.7995
0.85428 0.44871 -1.8641
0.96595 0.53489 -1.6465
0.87917 0.50476 -1.7718
0.80737 0.40857 -1.95
0.77822 0.44184 -1.9328
0.89066 0.57473 -1.6736
0.77168 0.46024 -1.9164
0.86647 0.4994 -1.7902
0.80283 0.48959 -1.8579
0.78983 0.44316 -1.9226
0.83104 0.50304 -1.8175
0.90057 0.49659 -1.7617
0.76956 0.59488 -1.7562
0.8275 0.47389 -1.3261
0.90476 0.58281 -1.6496
0.84743 0.48592 -1.3924
0.96604 0.56611 -1.6057
1.0171 0.62034 -1.4434
1.0286 0.62572 -1.1849
1.0524 0.61387 -1.353
1.0397 0.54954 -1.5333
1.1762 0.46364 -1.2589
1.0389 0.4753 -1.6401
0.97248 0.63429 -1.0875
0.90395 0.70662 -1.4514
0.83967 0.70677 -1.0864
0.79719 0.70452 -1.0287
0.51271 0.82927 -1.6239
0.5351 0.87092 -1.4625
0.60129 0.81466 -1.1241
0.62569 0.83471 -1.2542
0.63281 0.7945 -1.0889
0.66159 0.77369 -1.0553
0.66637 0.80739 -1.1862
0.68745 0.7521 -1.0218
0.97066 0.17989 -0.58017
1.0747 0.20498 -0.71796
1.0422 0.22028 -0.68136
0.92582 0.16676 -0.52887
0.97016 0.18006 -0.57971
0.54796 0.61678 -1.8764
0.64033 0.61006 -1.8329
0.9717 0.6775 -1.3746
1.0142 0.59749 -1.4957
1.0244 0.64258 -1.3112
1.0041 0.6397 -1.1685
1.029 0.6341 -1.2287
1.0732 0.59463 -1.2199
0.98488 0.038415 -0.55868
1.0236 -0.0132 -0.60003
0.65147 -0.25756 -0.24988
0.66765 -0.32032 -0.29108
0.5981 -0.26632 -0.21421
0.56887 -0.2494 -0.18361
1.071 -0.076503 -0.66343
1.1139 -0.059696 -0.72711
1.1906 0.23139 -1.8307
1.2579 0.2517 -1.5916
1.1974 0.2373 -1.809
1.2639 0.20173 -1.7149
1.1632 0.20396 -1.9109
1.3261 -0.33962 -1.3003
-0.25567 0.4096 -2.2175
0.23403 0.48201 -2.1449
0.26838 0.47106 -2.1452
0.2434 0.33271 -1.969
0.22035 0.26212 -1.8663
0.2047 0.23937 -1.8062
0.15616 0.22415 -2.1038
0.30605 0.2072 -1.8768
0.3398 0.20334 -1.9637
0.37339 0.21448 -1.8292
0.42128 0.38624 -2.1801
0.33069 0.34489 -2.2822
0.33069 0.34489 -2.2822
0.40153 0.45462 -2.1086
0.37174 0.32346 -1.9292
0.39988 0.38022 -2.1981
0.25878 0.32322 -1.8901
0.27689 0.43007 -2.1938
0.23498 0.26885 -1.7931
0.1972 0.21792 -2.088
-0.56453 0.55336 -2.0588
1.436 -1.0137 -2.3348
1.3137 -1.4977 -2.3165
1.2279 -1.6945 -2.6252
0.73772 -0.44412 -2.6983
0.6667 -0.5332 -2.782
0.73772 -0.44412 -2.6983
0.63565 -0.57227 -2.8059
0.58242 -0.65101 -2.8415
0.68832 -0.49875 -2.7578
0.73741 -0.44427 -2.6986
0.66331 -0.53372 -2.7832
0.82848 -0.74077 -2.8367
0.8723 -0.66391 -2.7948
0.75447 -0.76569 -2.8588
0.70989 -0.67419 -2.833
0.78208 -0.58799 -2.778
0.39028 -0.34689 -2.7595
0.41967 -0.4466 -2.7866
0.39028 -0.34689 -2.7595
0.38786 -0.49809 -2.8026
0.4132 -0.1873 -2.4214
0.20951 -0.056611 -2.6833
0.26681 0.029813 -2.6343
0.48146 0.081741 -2.533
0.52554 0.067877 -2.5206
0.48146 0.081741 -2.533
0.39969 -0.075728 -2.665
0.47761 -0.0062966 -2.6006
0.54319 0.050486 -2.5231
0.54319 0.050486 -2.5231
0.44601 -0.11283 -2.6684
0.52193 -0.013741 -2.5819
0.59584 0.042687 -2.4938
0.60341 -0.028264 -2.5322
0.45649 -0.035827 -2.6276
0.50123 -0.049437 -2.6146
0.60601 0.016622 -2.504
0.54884 -0.037773 -2.579
0.47462 -0.079921 -2.6433
0.55 0.068219 -2.5052
0.55 0.068219 -2.5052
0.65657 0.01555 -2.465
0.47689 -0.13931 -2.3044
0.57025 -0.11066 -2.6021
0.4453 -0.11373 -2.669
0.50413 0.085378 -2.5177
0.50524 0.10658 -2.4974
0.30628 -0.2241 -2.7332
0.44563 -0.11287 -2.6686
0.3459 -0.17341 -2.7121
0.34733 -0.21715 -2.7261
0.46318 -0.15775 -2.6811
0.401 -0.27372 -2.4594
0.39391 -0.34113 -2.4152
0.39391 -0.34113 -2.4152
0.34961 -0.27706 -2.7438
0.37543 -0.36276 -2.4625
0.3038 -0.3433 -2.7657
0.34392 -0.34445 -2.5102
0.38489 -0.36202 -2.3662
0.28919 -0.36656 -2.7722
0.34647 -0.35374 -2.4215
0.28877 -0.36604 -2.7721
0.20022 -0.25801 -2.7541
0.28822 -0.31376 -2.7597
0.21734 -0.33914 -2.7715
0.29564 -0.26847 -2.747
0.62449 -1.6173 -1.1404
0.78582 -1.8333 -1.4504
1.0555 -1.8386 -2.0942
0.78987 -2.0096 -2.6131
0.70826 -2.0975 -2.3752
0.70826 -2.0975 -2.3752
0.55096 -2.3366 -2.5057
0.77378 -2.2273 -2.7995
0.55841 -2.3748 -2.3712
0.48872 -2.2894 -2.5284
0.46138 -2.36 -2.2443
0.22521 -2.2086 -1.7888
0.22133 -2.2374 -1.9027
0.23549 -2.23 -1.8152
0.26507 -2.2097 -2.2798
0.41427 -2.337 -2.2304
0.49555 -2.3797 -2.2061
0.46365 -2.3238 -2.3765
0.42341 -2.221 -2.5814
0.4657 -2.3345 -2.3486
0.60022 -2.3198 -2.6203
0.40047 -2.293 -3.0436
0.51953 -2.1589 -2.8224
0.59453 -2.2969 -2.6698
0.56043 -2.2264 -2.7654
0.62037 -2.3087 -2.6615
0.58616 -2.2065 -2.8038
0.68552 -2.2211 -2.8119
0.93863 -2.1973 -2.6835
0.86074 -2.1816 -2.8116
0.36001 -2.2737 -1.7396
0.42372 -2.1818 -1.5783
0.44174 -2.1526 -1.5386
0.37803 -2.2481 -1.6873
0.4715 -2.2551 -1.6464
0.50917 -2.1774 -1.5402
0.76176 -2.3658 -2.243
0.78754 -2.3375 -2.0198
0.80244 -2.3177 -1.9133
0.75041 -2.3648 -2.15
0.75041 -2.3648 -2.15
0.76021 -2.3641 -2.206
0.80256 -2.3176 -1.9126
0.76401 -2.3525 -2.0605
0.75897 -2.3083 -1.7803
0.72509 -2.3303 -1.805
0.68764 -2.2599 -1.639
0.67714 -2.3515 -1.851
-1.332 -0.93198 -0.77316
-1.6608 -0.97478 -0.47933
0.72384 -0.45584 -0.40236
0.48352 0.33536 -1.4589
0.94805 -0.34986 -0.53872
1.3052 0.15651 -1.6198
0.7206 0.38345 -2.0372
0.45164 -1.3146 -2.9645
0.64478 -1.957 -2.9777
0.64092 -1.9643 -2.9749
-0.81375 0.060738 -2.1819
-0.89273 0.092111 -2.4367
-0.82645 0.038625 -2.1832
-0.84454 0.07766 -2.1543
-0.78302 0.039822 -2.211
-0.8262 0.038431 -2.1834
-0.85665 0.095446 -2.1387
-0.85665 0.095446 -2.1387
0.26556 -0.91575 -2.8842
0.19952 -0.98142 -2.89
0.26093 -0.88273 -2.878
0.2419 -0.93875 -2.8859
0.29343 -0.92751 -2.8889
0.24536 -0.71135 -2.8449
0.24406 -0.62737 -2.828
0.2047 -0.67981 -2.8341
0.14636 -0.62099 -2.819
0.14636 -0.62099 -2.819
0.19696 -0.60063 -2.8193
0.16026 -0.64983 -2.8244
0.16026 -0.64983 -2.8244
-0.49828 0.019693 -2.3832
-0.47954 0.03978 -2.3786
-0.48413 0.11832 -2.3172
-0.45114 0.10427 -2.3435
-0.32238 -0.038285 -2.204
-0.1432 -0.063298 -2.3158
-0.1432 -0.063298 -2.3158
-0.23941 0.044119 -2.5216
-0.24454 0.016906 -2.5493
-0.12384 -0.12264 -2.3237
-0.24437 0.016819 -2.5495
-0.098304 -0.14258 -2.2169
-0.1178 -0.13033 -2.2517
-0.10009 -0.1301 -2.1977
-0.10009 -0.1301 -2.1977
-0.13292 -0.13285 -2.3945
-0.12586 -0.15374 -2.321
-0.12586 -0.15374 -2.321
-0.07262 -0.15306 -2.1219
-0.07262 -0.15306 -2.1219
-0.061894 -0.1474 -2.095
-0.099939 -0.11985 -2.3497
-0.043617 -0.12551 -2.0401
-0.011719 -0.11749 -2.0718
-0.026229 -0.1438 -2.1724
0.0060894 -0.17706 -2.1873
-0.19436 -1.4579 -1.2287
-0.2475 -1.6178 -1.5652
-0.38096 -1.3331 -1.2931
0.67809 -0.79697 -2.8779
0.79525 -1.1166 -2.9594
0.84181 -1.0404 -2.9356
0.77413 -1.1697 -2.9713
0.77413 -1.1697 -2.9713
0.42964 -1.4704 -2.9633
0.43015 -1.4701 -2.9635
0.58783 -1.2271 -3.292
0.65805 -1.245 -2.9767
0.56188 -1.1731 -3.3235
0.71846 -1.3192 -2.9953
0.85159 -1.0836 -2.9492
0.91947 -0.98365 -2.906
0.93847 -0.9232 -2.8791
0.93847 -0.9232 -2.8791
0.84772 -0.94582 -2.9037
0.63922 -1.0497 -2.9364
0.78556 -0.58917 -2.7776
0.78556 -0.58917 -2.7776
0.90818 -0.49404 -2.6393
0.9282 -0.47508 -2.5994
0.86934 -0.59537 -2.7555
0.95309 -0.48954 -2.6038
0.89056 -0.56793 -2.7267
0.97463 -0.48622 -2.5843
0.89712 -0.6331 -2.7716
1.0195 -0.75381 -2.8036
1.2817 -0.65563 -2.4605
1.3698 -0.78406 -2.5624
1.311 -0.72963 -2.643
1.2664 -0.76349 -2.7416
1.292 -0.74134 -2.6948
1.2777 -0.68224 -2.6143
1.3689 -0.78277 -2.5609
1.4811 -0.98419 -2.6643
1.4517 -1.0405 -2.784
1.4517 -1.0405 -2.784
1.4202 -1.0391 -2.8242
1.4776 -1.0002 -2.7045
1.492 -1.0391 -2.659
1.492 -1.0391 -2.659
1.4897 -1.0491 -2.6859
1.4028 -1.0841 -2.8483
1.4199 -1.0393 -2.8246
1.4882 -1.0105 -2.6519
1.4955 -1.0617 -2.6073
1.1568 -1.0227 -2.8994
1.1568 -1.0227 -2.8994
1.2683 -0.88436 -2.8239
1.3636 -0.84552 -2.7343
1.3636 -0.84552 -2.7343
1.1576 -1.0224 -2.8992
1.1069 -1.0229 -2.9017
1.1069 -1.0229 -2.9017
1.1762 -0.88196 -2.8366
1.2446 -0.84683 -2.8084
1.1024 -0.92011 -2.8573
0.9801 -0.87201 -3.1843
1.1287 -0.90754 -2.8506
1.1595 -1.1034 -2.9299
1.1565 -0.94406 -2.8647
1.2381 -0.88367 -2.8286
1.2381 -0.88367 -2.8286
0.94127 -1.1161 -3.2486
0.94363 -1.2098 -2.9807
1.0567 -1.1834 -2.9644
1.0223 -1.2771 -2.9817
1.0673 -1.1656 -2.4083
-0.1856 -1.6852 -1.5987
-0.21585 -1.6125 -1.4713
-0.22279 -1.6244 -1.5162
-0.21036 -1.5632 -1.3738
-0.2501 -1.5911 -1.4959
-0.16768 -1.5428 -1.2957
-0.21731 -1.5425 -1.3523
-0.27837 -1.555 -1.474
-0.20333 -1.488 -1.2684
-0.26369 -1.5574 -1.4497
-0.28491 -1.569 -1.5235
-0.25745 -1.5241 -1.3803
-0.24325 -1.5771 -1.4505
-0.25208 -1.5425 -1.402
-0.23136 -1.563 -1.4042
-0.25122 -1.5898 -1.4954
-0.53935 -1.4088 -2.5906
-0.43785 -1.2014 -2.7946
-0.59262 -1.4015 -2.449
-0.65837 -1.3522 -2.2896
-0.31902 -1.1651 -2.8734
-0.57882 -1.3606 -2.5705
-0.70785 -1.2756 -2.3359
-0.73525 -1.2646 -2.149
-0.68928 -1.3091 -1.9535
-0.67632 -1.3129 -1.9041
-0.70663 -1.3018 -2.0526
-0.71147 -1.2958 -2.1821
-0.73001 -1.2707 -2.0218
-0.71206 -1.2768 -1.9201
-0.79615 -1.1311 -2.2295
-0.78106 -0.80052 -2.3889
-0.78106 -0.80052 -2.3889
-0.76026 -0.81616 -2.4319
-0.67227 -0.81854 -2.5365
-0.72452 -0.80798 -2.4811
-0.8002 -0.82772 -2.3392
-0.20022 -0.35971 -2.7762
-0.20022 -0.35971 -2.7762
-0.30805 -0.40037 -3.0336
-0.22548 -0.35533 -2.7667
-0.20051 -0.40637 -2.7831
-0.28368 -0.36331 -2.7403
-0.36847 -0.43242 -3.004
-0.38934 -0.41492 -2.9506
-0.28501 -0.40732 -2.7487
-0.39181 -0.42608 -3.0446
-0.3078 -0.46633 -2.7479
-0.3078 -0.46633 -2.7479
-0.32158 -0.39074 -2.7224
-0.32214 -0.39174 -2.7223
-0.45554 -0.45939 -3.0512
-0.47285 -0.45308 -2.9892
-0.22344 -0.35245 -2.767
-0.26784 -0.35947 -3.0025
-0.35434 -0.52606 -2.7299
-0.43355 -0.46005 -2.647
-0.35443 -0.52633 -2.7299
-0.41692 -0.46911 -2.6645
-0.40317 -0.47711 -2.6786
-0.44232 -0.50458 -2.6506
-0.46598 -0.47714 -2.6219
-0.47114 -0.48254 -2.6187
-0.41245 -0.51797 -2.6807
-0.41205 -0.51792 -2.6811
-0.50347 -0.50487 -2.596
-0.55576 -0.5334 -2.8897
-0.48163 -0.50772 -2.6159
-0.4215 -0.54425 -2.679
-0.52307 -0.68988 -2.6263
-0.0039624 -0.067974 -2.6979
-0.017214 -0.02118 -2.6682
-0.2805 -0.1341 -2.9457
-0.14486 -0.071408 -2.6817
-0.11843 0.036021 -2.5979
-0.1417 -0.017813 -2.6389
-0.11304 0.074834 -2.5629
-0.11689 0.038257 -2.5966
-0.74164 0.19238 -2.1572
-0.80832 0.2399 -2.1026
-0.81836 0.21384 -2.1088
-0.76622 0.22561 -2.1295
-0.77833 0.19691 -2.1371
-0.86516 0.25451 -2.0652
-0.77701 0.19975 -2.1364
-0.8475 0.24549 -2.0792
0.55695 -0.055696 -2.5837
0.19913 0.32628 -2.3745
0.3317 0.46958 -1.6312
-1.2223 0.34572 -1.4083
-1.1804 0.41669 -1.3731
-1.194 0.39162 -1.2767
-0.91748 0.66274 -1.4326
-0.84929 0.6846 -1.597
-1.9941 -0.80939 -0.34131
-2.0991 -0.56792 -0.1436
-0.33267 0.40521 -1.2989
-0.32994 0.40176 -1.106
-1.0103 -0.082998 -0.51362
-1.0707 -0.081248 -0.61222
-0.36818 0.42723 -1.3755
-0.32811 0.43082 -1.2033
-0.37037 0.45632 -1.5616
-0.34909 0.44695 -1.3107
-0.35959 0.45391 -1.3945
-0.34795 0.45655 -1.2543
-0.34577 0.45538 -1.46
-1.1962 -0.15 -0.52092
-0.85259 0.41745 -1.915
-0.81752 0.33425 -1.635
-0.90882 0.43805 -1.8729
-0.88623 0.35099 -1.9235
-1.0298 0.5578 -1.5432
-1.1947 0.32498 -1.5972
-1.252 0.29909 -1.4152
-1.3629 0.046144 -1.2778
-1.351 0.08407 -1.3047
-1.3132 0.12648 -1.2705
-1.305 0.11771 -1.1739
-0.96065 0.61617 -1.4651
-0.99892 0.58395 -1.4457
-0.99626 0.57575 -1.5858
-1.0033 0.5587 -1.6071
-1.0313 0.5564 -1.4292
-1.0287 0.4671 -1.7312
-1.1381 0.3837 -1.6578
-1.2642 0.291 -1.4163
-1.1864 0.29718 -1.6498
-1.2653 0.29032 -1.4678
-1.2774 0.29209 -1.4131
-1.2358 0.29389 -1.5691
-1.0655 0.39659 -1.7614
-1.1662 0.4294 -1.5712
-1.2054 0.39746 -1.493
-1.0822 0.44274 -1.6871
-1.0681 0.43207 -1.7174
-1.1636 0.41338 -1.5497
-1.1398 0.35491 -1.6761
-1.2322 0.3211 -1.4956
-1.3147 0.24134 -1.3019
-0.71151 0.53394 -1.9118
-0.76541 0.45502 -1.9328
-1.1173 0.31519 -1.717
-1.2081 0.34566 -1.4503
-1.1538 0.36961 -1.5647
-1.1979 0.35259 -1.3466
-1.18 0.36676 -1.2514
-1.18 0.36676 -1.2514
-0.36516 0.046804 -0.76872
-0.37774 0.042455 -0.51703
-0.43253 0.076337 -0.51167
-0.39593 0.10815 -0.57985
-0.38042 0.10092 -0.78996
-0.36006 0.11446 -0.62772
-0.34138 0.14941 -0.45709
-0.31571 0.1396 -0.67391
-0.27623 0.13904 -0.57858
-0.39098 0.070148 -0.82112
-0.39727 0.065326 -0.52238
-1.2522 0.20969 -0.93614
-1.2292 0.14006 -0.82901
-1.1893 0.087487 -0.70186
-0.94548 0.2201 -0.76409
-0.081365 0.61909 -1.0473
-0.037689 0.65225 -1.2883
0.078486 0.90651 -1.1088
0.040102 0.89482 -1.2222
0.045135 0.8789 -1.2872
0.093558 0.89095 -1.1383
0.088746 0.86961 -1.235
0.088907 0.87334 -1.1902
0.08021 0.86375 -1.3714
0.06029 0.86028 -1.4366
0.082534 0.86455 -1.2791
0.12678 0.86081 -1.1684
0.15545 0.85434 -1.1052
0.24911 0.81832 -1.0726
0.18811 0.86589 -1.0328
0.15273 0.84484 -1.2561
0.012601 0.88026 -1.3679
-0.022667 0.71726 -0.93821
0.048085 0.91075 -1.1996
0.0048202 0.77324 -0.91888
0.0048202 0.77324 -0.91888
-0.022139 0.72974 -0.87909
-0.037278 0.7363 -1.0334
0.049076 0.91506 -1.2094
-0.4933 0.33171 -0.7416
-0.47049 0.35086 -0.95233
-0.41787 0.38188 -0.83291
-0.41624 0.39562 -1.0167
0.063939 0.83811 -1.5678
0.23038 0.82402 -1.4427
0.072536 0.78468 -1.6691
0.19823 0.80774 -1.5473
0.39297 0.77991 -1.4781
0.34213 0.73165 -1.643
0.37918 0.78487 -1.4205
0.39277 0.78065 -1.4012
0.38992 0.75019 -1.5666
0.42311 0.77765 -1.3863
0.42461 0.77528 -1.4463
0.40028 0.73849 -1.6046
0.17838 0.88416 -1.0685
0.2299 0.83407 -1.2406
0.31464 0.68008 -1.7153
0.27738 0.72733 -1.6686
0.27738 0.72733 -1.6686
0.31894 0.72285 -1.6506
0.27399 0.64211 -1.773
0.22331 0.54968 -1.8903
0.30012 0.65882 -1.75
0.24463 0.59043 -1.8476
0.21086 0.62254 -1.8212
0.12741 0.54064 -1.9218
0.18485 0.63841 -1.8187
0.24967 0.68663 -1.7445
0.20263 0.66794 -1.7811
0.13975 0.57319 -1.8862
0.13504 0.59533 -1.8706
0.12569 0.52946 -1.6233
0.10665 0.50786 -1.5717
0.38786 0.6641 -1.7129
0.36933 0.56474 -1.832
0.29138 0.50398 -1.9258
0.32542 0.56931 -1.8507
-0.018625 0.57716 -1.9223
-0.030161 0.52859 -1.6718
-0.0065635 0.50289 -1.5452
0.02037 0.6627 -1.8273
-0.23621 0.35246 -1.6981
-0.31565 0.27151 -1.8237
-0.6419 0.37678 -1.6863
-0.64343 0.39772 -1.639
-0.63789 0.49559 -1.9463
-0.62532 0.54094 -1.9242
-0.62776 0.45856 -1.6208
-0.67245 0.60823 -1.8643
-0.68096 0.60435 -1.8623
-0.70799 0.71052 -1.7298
-0.66542 0.5556 -1.5614
0.044965 0.26724 -2.3308
0.040404 0.40233 -2.1498
0.11175 0.39741 -2.1278
0.039708 0.33323 -2.2539
0.1397 0.36219 -2.1697
0.10928 0.35191 -2.2018
0.15738 0.40069 -2.11
0.082727 0.29687 -2.2914
0.14488 0.29952 -2.2592
0.38563 0.15752 -2.3506
0.42333 0.26422 -2.1758
0.40171 0.31216 -2.1063
0.39999 0.2393 -2.2018
0.3351 0.18811 -2.3128
0.32446 0.31389 -2.1195
0.34282 0.35155 -2.0628
0.3137 0.29936 -2.1407
0.30456 0.20668 -2.2892
0.33773 0.29295 -2.1625
0.35112 0.3213 -2.1235
0.35709 0.22427 -2.2546
0.31947 0.26739 -2.2127
0.32655 0.33155 -2.1229
-0.050649 0.4147 -1.7797
-0.016498 0.53033 -1.9751
-0.081685 0.45538 -2.0756
-0.058432 0.55408 -1.9536
-0.23988 0.42648 -2.0938
-0.31907 0.40764 -2.0916
-0.31745 0.41875 -1.689
0.33199 0.37176 -2.0691
0.37916 0.17702 -2.3249
0.46356 0.32045 -2.0794
0.47863 0.26191 -2.1442
0.41779 0.17117 -2.3106
0.51351 0.31853 -2.0636
0.49992 0.21563 -2.2095
0.43495 0.19592 -2.2726
0.92478 0.14893 -2.0804
0.9081 0.1021 -2.1466
0.86118 0.10841 -2.1724
0.92984 0.12509 -2.1085
0.88342 0.16384 -2.0958
0.72117 0.22266 -2.0959
0.31917 0.21559 -2.2913
0.28272 0.22842 -2.2917
0.35539 0.31592 -2.1179
0.33816 0.29071 -2.1601
0.28957 0.19491 -2.3333
0.29421 0.29853 -2.173
0.28659 0.33409 -2.1276
0.23826 0.24688 -2.2842
0.21701 0.338 -2.1591
0.21177 0.3714 -2.1112
0.033889 0.20037 -2.3941
0.065327 0.22808 -2.3597
0.098203 0.30118 -2.2598
0.075036 0.12913 -2.4564
0.096974 0.26068 -2.3236
0.17873 0.16588 -2.4147
0.13232 0.138 -2.4475
-0.011141 0.18113 -2.4093
0.042261 0.28208 -2.299
-0.0061793 0.25805 -2.3307
0.030749 0.32842 -2.2447
0.018821 0.21848 -2.3767
-0.12376 0.2 -2.3462
-0.62989 0.43042 -1.9726
-0.63494 0.59388 -1.8812
-0.54835 0.58551 -1.9067
-0.54796 0.49726 -1.9625
-0.44871 0.67422 -1.861
-0.50257 0.52785 -1.9648
-0.4988 0.50248 -1.7142
-0.46211 0.56051 -1.9473
-0.46211 0.56051 -1.9473
-0.53822 0.55104 -1.9393
-0.52189 0.4803 -1.6709
-0.52189 0.4803 -1.6709
-0.55631 0.53512 -1.9491
-0.53451 0.55242 -1.9437
-0.5227 0.59218 -1.9156
-0.46235 0.51255 -1.6886
-0.38384 0.5803 -1.943
-0.34752 0.68497 -1.8551
-0.40615 0.5418 -1.9722
-0.43826 0.57623 -1.9455
-0.41695 0.51049 -1.7013
-0.4676 0.55211 -1.941
-0.50293 0.64657 -1.8624
-0.41931 0.61176 -1.9132
-0.43025 0.50514 -1.6414
-0.29468 0.67224 -1.8652
-0.27447 0.57108 -1.9565
-0.27447 0.57108 -1.9565
-0.48231 0.45461 -1.6257
-0.50925 0.41604 -1.6079
-0.54143 0.37984 -1.7231
-0.54749 0.39233 -1.6679
-0.56361 0.49839 -1.9753
-0.4272 0.50656 -1.9991
-0.43796 0.52804 -1.9837
-0.41931 0.64202 -1.8993
-0.603 0.3426 -1.7258
-0.75879 0.35948 -1.9793
-0.68787 0.36779 -1.6339
-0.67527 0.36877 -1.5795
-0.78368 0.47513 -1.9216
-0.68012 0.41654 -1.5867
-0.68978 0.41855 -1.6774
-0.7127 0.48085 -1.9381
-0.65466 0.45902 -1.659
-0.76173 0.64918 -1.7328
-0.771 0.69839 -1.6308
-0.74226 0.64642 -1.7507
-0.67696 0.61892 -1.8272
-0.56676 0.68834 -1.8118
-0.57739 0.79885 -1.6304
-0.53061 0.43736 -2.0209
-0.41327 0.446 -1.773
-0.35737 0.42952 -1.7512
-0.21917 0.53572 -1.9992
-0.26778 0.6095 -1.9421
-0.41971 0.37701 -1.7224
-0.51476 0.45912 -2.0209
-0.33125 0.61999 -1.928
-0.24539 0.68169 -1.8647
-0.3742 0.54654 -1.9785
-0.35225 0.50942 -1.695
-0.17664 0.68072 -1.8536
-0.2049 0.60798 -1.9236
-0.16999 0.66177 -1.8725
-0.32299 0.65582 -1.8878
-0.41951 0.49647 -1.6338
-0.47342 0.53123 -1.9698
-0.46999 0.53528 -1.9723
-0.49299 0.49469 -1.9963
-0.51626 0.60273 -1.9305
-0.57767 0.50137 -1.664
0.050804 0.51324 -1.9965
0.013119 0.48666 -2.0394
-0.033132 0.47398 -2.058
-0.073427 0.49525 -2.0334
-0.034298 0.52483 -1.9944
0.043713 0.43702 -2.0808
0.03587 0.40228 -2.1263
0.073827 0.47827 -2.013
0.0048935 0.4074 -2.1226
-0.5333 0.7194 -1.7592
-0.53446 0.7936 -1.6036
-0.5344 0.81262 -1.5502
-0.48193 0.8021 -1.6303
-0.50776 0.71283 -1.7842
-0.49676 0.77297 -1.6954
-0.5039 0.81209 -1.6086
-0.50412 0.73277 -1.7553
-0.54305 0.65259 -1.849
-0.38981 0.76072 -1.7736
-0.30217 0.49243 -2.0235
-0.36251 0.45101 -2.0483
-0.65405 0.49093 -1.9391
-0.58216 0.51372 -1.9495
-0.52453 0.60352 -1.9072
-0.57617 0.59629 -1.9068
-0.55105 0.73843 -1.7642
-0.55724 0.58104 -1.9227
-0.60736 0.47937 -1.9726
-0.59561 0.40256 -1.7188
-0.65457 0.35003 -1.6798
-0.25925 0.65222 -1.8976
-0.54867 0.62196 -1.8945
-0.62284 0.64137 -1.8551
-0.32329 0.7675 -1.7505
-0.23391 0.80594 -1.7039
0.19128 0.85988 -1.4672
0.41479 0.81087 -1.2432
0.4285 0.81472 -1.3348
0.51551 0.76463 -1.182
0.60401 0.76983 -1.3028
0.60132 0.76726 -1.5282
0.63981 0.70445 -1.1189
0.73398 0.65279 -1.0731
0.73777 0.73818 -1.3697
0.7316 0.67426 -1.1159
0.71798 0.69828 -1.1523
0.69644 0.6602 -1.0384
0.69738 0.72861 -1.2204
0.51593 0.55368 -0.59827
0.58714 0.59477 -0.71472
0.50096 0.53095 -0.55884
0.55366 0.54823 -0.62528
0.57174 0.57134 -0.66929
0.51373 0.57372 -0.61401
0.54618 0.65139 -0.74943
0.51686 0.64085 -0.69852
0.45971 0.57199 -0.56097
0.4946 0.59438 -0.61344
0.55114 0.67863 -0.81784
0.0071091 0.62349 -1.1517
0.61056 0.75554 -1.4794
0.58165 0.7567 -1.265
0.5765 0.77419 -1.42
0.53529 0.77499 -1.285
0.47553 0.62693 -1.7553
0.43965 0.52707 -1.8972
0.52118 0.62503 -1.7314
0.46151 0.55162 -1.853
0.38976 0.49211 -1.9521
0.56069 0.57434 -1.7656
0.52175 0.5802 -1.788
0.82439 0.54646 -1.6067
0.75669 0.45411 -1.7988
0.71157 0.43341 -1.8606
0.82821 0.51755 -1.6474
0.74038 0.48871 -1.7678
0.66225 0.39663 -1.945
0.63547 0.42273 -1.9233
0.75073 0.54926 -1.6652
0.62743 0.44198 -1.9078
0.72198 0.4804 -1.7828
0.65907 0.47048 -1.8492
0.64448 0.42797 -1.9154
0.68382 0.48365 -1.8101
0.75112 0.48127 -1.7586
0.62601 0.56097 -1.7358
0.68673 0.46022 -1.3503
0.76053 0.57226 -1.6779
0.704 0.47418 -1.4238
0.82529 0.55931 -1.64
0.87772 0.61244 -1.4798
0.89264 0.61866 -1.2207
0.91357 0.60774 -1.3923
0.89773 0.54671 -1.5752
1.0381 0.46894 -1.3038
0.89553 0.46507 -1.6484
0.83959 0.62342 -1.1274
0.76393 0.68838 -1.4886
0.70196 0.6854 -1.126
0.66185 0.68184 -1.0696
0.37424 0.78082 -1.6441
0.39938 0.82516 -1.4874
0.46709 0.77771 -1.1595
0.49217 0.79956 -1.2922
0.50038 0.75989 -1.1271
0.53015 0.74064 -1.0941
0.53135 0.77357 -1.228
0.5534 0.72058 -1.0665
0.88532 0.21895 -0.67782
0.98778 0.24539 -0.81703
0.95837 0.26086 -0.78253
0.85174 0.20941 -0.63247
0.89817 0.22589 -0.68599
0.4094 0.56566 -1.8465
0.50102 0.56502 -1.8085
0.83523 0.65538 -1.3965
0.87387 0.57995 -1.5232
0.88857 0.62459 -1.3456
0.87657 0.62272 -1.2065
0.90174 0.61906 -1.2764
0.94629 0.58537 -1.267
0.90835 0.089393 -0.65544
0.94878 0.04118 -0.69918
0.63717 -0.1843 -0.36422
0.65772 -0.24652 -0.40846
0.58847 -0.19125 -0.33101
0.55661 -0.17391 -0.30326
0.99319 -0.021457 -0.76331
1.0307 -0.0063723 -0.82298
1.0561 0.2494 -1.8533
1.1307 0.26717 -1.6123
1.0618 0.25653 -1.8312
1.131 0.2215 -1.7359
1.0428 0.21907 -1.9249
1.2293 -0.28278 -1.384
-0.36386 0.34914 -2.1448
0.10846 0.44192 -2.081
0.13789 0.4393 -2.086
0.11229 0.30396 -1.9121
0.090629 0.23677 -1.8214
0.069748 0.21555 -1.762
0.024738 0.20478 -2.0564
0.16954 0.20016 -1.8381
0.20576 0.20761 -1.9261
0.23709 0.2153 -1.7941
0.286 0.37185 -2.1288
0.19793 0.32389 -2.2228
0.19793 0.32389 -2.2228
0.26926 0.42883 -2.0515
0.23884 0.29751 -1.8745
0.2634 0.35756 -2.1414
0.12995 0.28449 -1.8319
0.14568 0.40185 -2.1404
0.10043 0.23819 -1.7445
0.065077 0.2 -2.0432
-0.66057 0.47009 -1.9847
1.3231 -0.94297 -2.3332
1.2324 -1.3888 -2.3263
1.1623 -1.5765 -2.633
0.62511 -0.4273 -2.6249
0.55586 -0.5134 -2.7057
0.62511 -0.4273 -2.6249
0.52247 -0.54815 -2.7278
0.47516 -0.62385 -2.7643
0.57797 -0.47724 -2.6827
0.62417 -0.42307 -2.623
0.55069 -0.51008 -2.7068
0.71537 -0.70099 -2.773
0.75662 -0.62501 -2.7318
0.64635 -0.73008 -2.7963
0.60411 -0.64108 -2.7673
0.67178 -0.55213 -2.718
0.28702 -0.34268 -2.6821
0.31299 -0.43835 -2.7053
0.28702 -0.34268 -2.6821
0.27953 -0.49214 -2.7195
0.2988 -0.20045 -2.3468
0.10355 -0.079135 -2.6
0.16031 0.0096818 -2.5519
0.36905 0.06635 -2.4624
0.40729 0.050788 -2.4484
0.36905 0.06635 -2.4624
0.28055 -0.091682 -2.585
0.35628 -0.020785 -2.5234
0.42081 0.035201 -2.4476
0.42081 0.035201 -2.4476
0.32114 -0.1179 -2.589
0.40058 -0.023189 -2.5064
0.47416 0.035143 -2.4221
0.47703 -0.035013 -2.4594
0.33998 -0.042442 -2.5552
0.37558 -0.054934 -2.5394
0.48395 0.01175 -2.4342
0.42656 -0.03803 -2.5081
0.351 -0.081303 -2.5708
0.42921 0.054948 -2.4346
0.42921 0.054948 -2.4346
0.53215 0.012929 -2.3952
0.35104 -0.12956 -2.2435
0.44577 -0.091185 -2.5385
0.32426 -0.095169 -2.6039
0.38627 0.072423 -2.4398
0.38726 0.088485 -2.4152
0.1929 -0.21419 -2.6503
0.3284 -0.10299 -2.5893
0.23328 -0.16269 -2.632
0.2366 -0.19555 -2.6569
0.34618 -0.13327 -2.6104
0.2828 -0.24166 -2.3931
0.27857 -0.29627 -2.352
0.27857 -0.29627 -2.352
0.23816 -0.23119 -2.6796
0.26306 -0.31448 -2.3999
0.19643 -0.29129 -2.7005
0.2338 -0.29812 -2.4448
0.27325 -0.31144 -2.3105
0.18166 -0.31519 -2.7116
0.23536 -0.3061 -2.3616
0.17627 -0.32309 -2.7128
0.094643 -0.25273 -2.6686
0.17948 -0.2805 -2.6794
0.1156 -0.29588 -2.695
0.19302 -0.22424 -2.6716
0.55783 -1.5112 -1.1991
0.73799 -1.7258 -1.5189
1.0082 -1.7182 -2.1318
0.75334 -1.8854 -2.6528
0.68037 -1.9704 -2.4103
0.68037 -1.9704 -2.4103
0.54895 -2.2045 -2.5403
0.75792 -2.091 -2.812
0.55016 -2.2473 -2.4263
0.48098 -2.1631 -2.5881
0.46017 -2.2393 -2.3072
0.25418 -2.1149 -1.8848
0.25213 -2.1464 -1.9997
0.2711 -2.1432 -1.9178
0.28079 -2.0996 -2.3672
0.41942 -2.2185 -2.3088
0.49413 -2.2586 -2.2741
0.46243 -2.2017 -2.4443
0.42093 -2.0979 -2.6471
0.46335 -2.2117 -2.4152
0.57684 -2.1863 -2.6516
0.36807 -2.1591 -3.0686
0.47897 -2.0239 -2.8431
0.55517 -2.1641 -2.6934
0.51562 -2.0941 -2.7878
0.5758 -2.1775 -2.6884
0.53354 -2.0841 -2.8251
0.62353 -2.1013 -2.8314
0.87284 -2.0792 -2.7012
0.79471 -2.0662 -2.8273
0.40957 -2.2703 -1.863
0.47717 -2.1805 -1.7028
0.49714 -2.1533 -1.6617
0.42896 -2.2452 -1.8106
0.51583 -2.2403 -1.774
0.55578 -2.1675 -1.6653
0.74754 -2.2969 -2.3523
0.7721 -2.2682 -2.1341
0.78934 -2.2526 -2.0279
0.73577 -2.2979 -2.2621
0.73577 -2.2979 -2.2621
0.7432 -2.2964 -2.3183
0.78905 -2.2542 -2.0275
0.74826 -2.2864 -2.176
0.75778 -2.2575 -1.9017
0.72773 -2.2847 -1.9268
0.68284 -2.2116 -1.7615
0.66465 -2.2954 -1.9693
-1.4017 -1.0066 -0.68033
-1.6847 -1.0559 -0.38974
0.67347 -0.38729 -0.51336
0.33676 0.30043 -1.433
0.88465 -0.285 -0.64247
1.1721 0.14882 -1.6235
0.59165 0.36075 -2.0055
0.36391 -1.2392 -2.8901
0.57433 -1.8587 -2.9155
0.57481 -1.8641 -2.913
-0.87428 0.02485 -2.0656
-0.95063 0.059054 -2.3224
-0.88795 0.0054151 -2.0667
-0.90671 0.042688 -2.0369
-0.84164 0.0082596 -2.0972
-0.88618 0.0060337 -2.0693
-0.91989 0.060354 -2.0206
-0.91989 0.060354 -2.0206
0.1904 -0.81988 -2.8272
0.12784 -0.88435 -2.8322
0.18387 -0.78866 -2.8192
0.1649 -0.84245 -2.8286
0.21371 -0.83066 -2.8333
0.15655 -0.63747 -2.7698
0.15172 -0.55828 -2.7516
0.11254 -0.60867 -2.7576
0.056905 -0.5525 -2.7393
0.056905 -0.5525 -2.7393
0.1055 -0.53137 -2.7434
0.069022 -0.57749 -2.7497
0.069022 -0.57749 -2.7497
-0.58789 0.0030273 -2.2792
-0.57348 0.027356 -2.2771
-0.58177 0.1028 -2.2113
-0.54957 0.091418 -2.2416
-0.42539 -0.032071 -2.107
-0.25017 -0.049983 -2.2276
-0.25017 -0.049983 -2.2276
-0.34614 0.060857 -2.4348
-0.34989 0.033039 -2.4606
-0.23323 -0.095915 -2.2449
-0.352 0.046591 -2.4691
-0.21182 -0.11466 -2.1395
-0.2297 -0.10168 -2.1749
-0.21575 -0.10541 -2.1233
-0.21575 -0.10541 -2.1233
-0.25047 -0.11417 -2.3204
-0.24385 -0.12781 -2.2548
-0.24385 -0.12781 -2.2548
-0.19651 -0.13154 -2.0575
-0.19651 -0.13154 -2.0575
-0.18722 -0.12863 -2.0314
-0.22228 -0.10074 -2.2839
-0.17149 -0.1104 -1.9792
-0.13823 -0.098988 -2.0116
-0.14208 -0.10559 -2.1099
-0.099675 -0.11798 -2.1243
-0.14755 -1.3835 -1.3297
-0.2033 -1.5401 -1.6633
-0.33577 -1.2666 -1.4016
0.57564 -0.71398 -2.8313
0.70444 -1.0216 -2.9139
0.74885 -0.94612 -2.8917
0.68763 -1.0729 -2.9239
0.68763 -1.0729 -2.9239
0.37919 -1.346 -2.9468
0.37876 -1.3464 -2.9428
0.51611 -1.1216 -3.2408
0.58212 -1.1399 -2.929
0.48731 -1.0721 -3.2657
0.64714 -1.2126 -2.9482
0.75103 -0.99762 -2.906
0.81781 -0.89731 -2.8633
0.83657 -0.83767 -2.8391
0.83657 -0.83767 -2.8391
0.7405 -0.86586 -2.8595
0.5464 -0.9534 -2.9005
0.66192 -0.53367 -2.7311
0.66192 -0.53367 -2.7311
0.78485 -0.43602 -2.5949
0.80465 -0.41653 -2.5565
0.74745 -0.53747 -2.711
0.8282 -0.43035 -2.5621
0.76801 -0.50895 -2.6825
0.85039 -0.42747 -2.5423
0.77615 -0.57185 -2.7307
0.89538 -0.68896 -2.7664
1.151 -0.60018 -2.4345
1.2491 -0.71873 -2.5347
1.1906 -0.66409 -2.6155
1.1478 -0.69755 -2.7129
1.1729 -0.67701 -2.6643
1.1567 -0.62382 -2.5869
1.2519 -0.71891 -2.5364
1.3688 -0.91484 -2.636
1.3379 -0.97177 -2.7531
1.3379 -0.97177 -2.7531
1.3061 -0.96891 -2.7945
1.3659 -0.93176 -2.6763
1.3797 -0.96995 -2.6308
1.3797 -0.96995 -2.6308
1.3773 -0.98076 -2.657
1.2915 -1.0147 -2.8164
1.3074 -0.97092 -2.7946
1.3758 -0.94193 -2.6253
1.3845 -0.987 -2.5891
1.0454 -0.95217 -2.8644
1.0454 -0.95217 -2.8644
1.1553 -0.81348 -2.7947
1.2504 -0.77433 -2.7064
1.2504 -0.77433 -2.7064
1.0463 -0.94946 -2.8672
0.9942 -0.95117 -2.8675
0.9942 -0.95117 -2.8675
1.0635 -0.81009 -2.8059
1.1306 -0.77564 -2.7793
0.99326 -0.84665 -2.8215
0.86939 -0.80069 -3.14
1.0116 -0.83684 -2.8197
1.0428 -1.0258 -2.9004
1.0385 -0.86843 -2.8366
1.1208 -0.81062 -2.8015
1.1208 -0.81062 -2.8015
0.8412 -1.0287 -3.2069
0.8442 -1.1208 -2.9425
0.95519 -1.094 -2.927
0.91845 -1.1871 -2.9462
0.966 -1.0655 -2.4311
-0.14253 -1.6254 -1.7232
-0.16268 -1.5755 -1.5944
-0.1728 -1.585 -1.6409
-0.15671 -1.5266 -1.4992
-0.19996 -1.5584 -1.6253
-0.11268 -1.5148 -1.424
-0.16191 -1.524 -1.4775
-0.22813 -1.5306 -1.606
-0.14885 -1.4701 -1.399
-0.21094 -1.5487 -1.5767
-0.23379 -1.5553 -1.6535
-0.20408 -1.5117 -1.5093
-0.19232 -1.5616 -1.581
-0.20411 -1.5352 -1.5321
-0.18823 -1.547 -1.5381
-0.20719 -1.577 -1.6279
-0.53454 -1.2776 -2.5834
-0.44153 -1.0742 -2.7709
-0.58865 -1.2722 -2.4416
-0.64993 -1.2229 -2.3112
-0.32643 -1.0403 -2.8319
-0.57272 -1.2291 -2.5831
-0.69348 -1.1583 -2.3863
-0.7193 -1.1454 -2.2001
-0.6757 -1.1926 -2.0076
-0.66369 -1.1964 -1.957
-0.69291 -1.1871 -2.1055
-0.69746 -1.1794 -2.2322
-0.71391 -1.1545 -2.07
-0.69692 -1.1587 -1.964
-0.78014 -1.0064 -2.2377
-0.76956 -0.6827 -2.3368
-0.76956 -0.6827 -2.3368
-0.74597 -0.69804 -2.3812
-0.65804 -0.70039 -2.4827
-0.7107 -0.69041 -2.4223
-0.79452 -0.70167 -2.2994
-0.24488 -0.30997 -2.6601
-0.24488 -0.30997 -2.6601
-0.35199 -0.35433 -2.9202
-0.26954 -0.30968 -2.6508
-0.24504 -0.35874 -2.6692
-0.32158 -0.31178 -2.6245
-0.4057 -0.37727 -2.8902
-0.42436 -0.36131 -2.8381
-0.31972 -0.35338 -2.6331
-0.42605 -0.36903 -2.9291
-0.34078 -0.40907 -2.6358
-0.34078 -0.40907 -2.6358
-0.35755 -0.33464 -2.6085
-0.3576 -0.33419 -2.6093
-0.48448 -0.39721 -2.9417
-0.49972 -0.38781 -2.8825
-0.26932 -0.30809 -2.6524
-0.31675 -0.31555 -2.8888
-0.38023 -0.449 -2.6342
-0.46125 -0.38444 -2.5429
-0.37917 -0.4497 -2.632
-0.44293 -0.3929 -2.5606
-0.42554 -0.40001 -2.5733
-0.46328 -0.42878 -2.5446
-0.4856 -0.40233 -2.5172
-0.49012 -0.40709 -2.5103
-0.42906 -0.43975 -2.5756
-0.43018 -0.44192 -2.5795
-0.52559 -0.4336 -2.4856
-0.57522 -0.45862 -2.7811
-0.50175 -0.43299 -2.5113
-0.43906 -0.46645 -2.5791
-0.54622 -0.5765 -2.5655
-0.079308 -0.051933 -2.5841
-0.092358 -0.0071937 -2.556
-0.33885 -0.10226 -2.8376
-0.20629 -0.051792 -2.5703
-0.18853 0.040877 -2.4818
-0.2099 -0.013328 -2.522
-0.19705 0.069298 -2.4448
-0.21419 0.020002 -2.4878
-0.81398 0.12621 -2.0406
-0.88736 0.162 -1.9742
-0.88749 0.14502 -1.9885
-0.83731 0.15625 -2.0089
-0.84673 0.12914 -2.0176
-0.94016 0.1781 -1.9392
-0.84671 0.13046 -2.0164
-0.92052 0.17031 -1.9541
0.43172 -0.056377 -2.4948
0.09556 0.26935 -2.2999
0.19518 0.42551 -1.5911
